1000 1500
474 733
954 132
200 13
882 579
637 953
653 152
750 549
500 797
242 538
842 28
531 993
322 926
762 492
453 103
692 489
557 351
649 534
125 461
909 274
195 963
589 48
892 216
290 891
963 857
382 354
26 978
720 119
255 139
496 787
690 724
850 271
250 262
637 130
492 631
523 865
641 400
580 965
348 297
629 437
928 508
628 356
546 295
820 355
370 307
479 682
325 362
241 498
600 349
991 388
916 274
831 172
32 602
770 161
985 966
526 826
48 932
733 705
729 978
302 184
356 301
55 955
837 629
770 766
954 9
415 553
280 296
609 377
2 760
555 831
364 615
863 574
595 741
542 321
347 23
219 398
238 172
759 357
0 356
290 124
988 563
703 940
101 788
692 416
985 939
569 233
43 824
357 802
993 901
485 792
899 608
827 777
252 556
867 956
958 629
14 67
330 761
786 355
702 956
634 588
861 98
965 204
709 473
102 866
269 377
70 418
997 131
119 597
463 200
253 113
805 234
435 787
510 911
146 718
890 239
733 426
85 565
62 178
464 1
858 916
273 819
727 721
721 642
567 752
282 42
478 699
23 144
313 0
786 150
260 267
154 784
610 662
830 126
360 459
24 718
915 956
75 975
566 435
980 101
524 777
159 940
37 930
49 347
752 677
222 659
610 960
787 191
778 443
439 113
629 423
632 648
198 935
995 162
727 786
632 343
971 516
575 709
315 369
543 49
406 578
682 481
672 182
151 31
95 343
280 488
68 765
966 753
175 128
87 797
575 108
661 986
378 795
936 178
857 306
62 508
50 969
731 377
603 264
992 604
498 177
385 990
707 566
674 486
720 860
399 897
734 922
51 591
68 777
825 486
262 674
907 139
539 575
730 590
755 321
318 983
224 988
854 9
304 404
938 83
91 310
42 311
37 408
544 359
241 754
856 323
821 408
26 343
524 643
440 624
864 292
75 384
199 15
819 220
310 704
47 468
418 820
82 355
100 476
59 91
71 856
875 136
926 974
699 987
707 795
809 525
499 942
996 169
315 278
201 962
290 315
487 648
489 352
93 239
484 893
983 853
707 829
67 630
606 328
144 844
773 404
190 119
395 794
205 37
944 685
273 911
695 808
402 104
380 777
873 256
891 704
889 323
801 524
227 134
999 932
976 971
370 150
741 255
105 756
21 683
706 942
7 72
784 316
768 193
489 112
148 114
517 281
736 145
413 87
457 926
102 55
313 757
126 471
768 36
115 824
805 521
998 922
985 54
755 382
136 954
575 126
214 858
375 148
757 991
933 875
55 502
258 763
723 824
454 487
884 380
397 254
219 980
175 924
168 223
652 300
653 104
682 179
172 676
502 761
828 490
586 182
739 72
143 420
99 739
674 94
829 104
140 156
53 683
731 917
871 330
716 441
492 644
280 623
723 585
923 780
650 99
136 872
71 795
509 508
956 978
281 454
195 68
617 422
502 608
113 869
394 222
214 868
447 368
618 773
897 361
801 851
628 908
167 635
464 91
288 844
826 524
651 175
166 7
140 737
38 580
459 300
474 814
510 40
520 908
837 735
785 641
537 444
982 566
487 482
932 151
877 770
8 552
9 852
701 106
920 700
566 54
420 926
333 530
565 33
580 764
244 57
241 249
242 834
658 581
261 725
98 956
299 36
565 241
358 636
66 837
434 278
752 790
7 945
649 125
126 524
925 977
966 70
676 2
500 109
509 383
840 93
111 964
148 499
636 737
444 14
439 380
838 600
591 74
835 406
941 893
995 874
948 64
92 491
419 434
402 765
813 677
530 62
589 808
630 555
769 893
984 700
128 493
246 115
179 19
150 698
376 251
395 654
787 562
993 464
884 849
186 36
356 983
544 890
861 732
895 944
104 283
882 325
860 82
300 971
168 802
624 89
320 507
607 615
999 14
575 942
786 835
285 259
71 266
604 522
621 526
552 842
878 411
736 963
226 666
917 454
581 625
871 304
414 490
274 693
510 936
659 417
763 369
910 541
944 852
314 243
770 376
513 749
198 262
798 294
276 588
746 838
267 799
879 44
370 283
493 864
249 354
648 121
203 592
70 304
619 767
857 229
446 961
854 576
820 929
817 94
449 500
631 675
703 612
158 606
711 127
511 347
81 999
273 585
123 614
50 957
563 935
455 35
458 770
792 921
197 393
558 70
260 528
86 951
192 917
722 31
805 356
377 127
669 397
961 606
49 972
350 168
709 136
732 397
849 881
476 890
678 666
280 124
698 899
117 849
470 38
467 670
535 383
997 147
324 703
935 52
529 166
808 312
531 341
547 719
187 745
141 615
714 378
409 923
268 990
318 414
296 713
994 896
154 654
475 714
356 348
31 462
685 571
6 216
424 921
320 938
18 202
42 335
804 54
0 168
653 924
729 569
566 147
483 336
151 576
437 555
851 253
624 572
845 681
807 12
262 117
617 608
596 310
904 114
103 865
17 767
140 653
233 250
887 184
97 731
836 732
863 714
569 895
153 867
607 844
640 120
685 683
626 293
347 897
295 311
493 844
297 85
390 264
680 698
233 645
851 791
323 753
10 733
457 0
326 66
561 896
988 598
252 600
397 929
576 362
710 413
638 938
456 249
555 766
404 199
132 976
233 861
680 807
285 102
340 527
853 434
568 931
774 633
355 753
342 516
632 14
689 774
103 256
548 94
966 142
67 858
434 111
263 359
405 25
588 973
129 276
791 325
143 44
687 287
982 582
484 823
488 609
901 701
770 425
567 950
616 171
190 413
299 158
652 69
716 216
272 125
666 111
932 469
565 819
947 820
70 774
8 990
603 244
831 423
746 458
733 197
744 360
305 313
778 970
42 672
0 170
790 532
340 766
593 523
583 193
736 63
745 470
284 237
626 607
928 561
121 770
572 527
948 644
942 881
948 951
576 444
866 660
502 96
677 255
382 975
503 96
863 118
789 745
270 110
268 79
632 947
530 952
84 509
664 842
998 940
477 788
365 244
262 984
431 66
874 647
308 209
643 921
86 303
915 888
939 891
159 303
530 800
788 687
583 436
591 893
686 52
297 862
800 100
709 413
163 834
472 167
665 862
429 264
754 199
977 833
707 323
68 486
824 617
372 316
4 391
163 241
104 26
261 319
862 423
878 154
406 217
417 170
92 797
82 203
608 100
296 135
177 462
542 777
206 658
895 955
382 918
995 970
397 599
330 837
898 103
641 934
23 344
307 549
617 370
203 502
572 675
954 784
506 30
331 745
522 571
596 474
446 73
636 578
311 142
746 177
874 496
906 51
406 37
394 288
255 551
403 119
425 344
766 741
861 455
929 806
210 627
855 952
145 638
208 992
139 239
826 52
597 408
456 691
254 552
103 916
711 927
219 238
611 475
962 225
544 253
64 708
781 583
253 480
568 719
654 431
364 43
217 926
884 682
905 336
792 400
313 903
261 877
830 431
686 31
107 197
127 135
807 113
644 203
358 939
691 607
208 350
433 473
89 58
741 481
254 966
310 239
385 759
705 189
78 120
905 186
939 878
727 405
863 45
350 962
649 307
661 327
838 263
744 801
749 506
248 218
767 666
392 167
347 44
448 695
121 287
710 616
252 791
590 296
304 490
571 721
87 629
482 462
265 235
464 333
466 406
567 359
763 435
507 672
120 599
826 53
71 624
434 62
379 621
156 619
433 521
417 288
507 579
200 932
255 85
156 531
999 98
268 852
64 813
848 519
868 876
493 205
926 692
717 222
660 621
178 77
416 84
960 887
684 46
860 301
40 264
124 153
939 53
827 564
417 136
893 338
17 534
732 953
946 333
65 305
881 784
592 641
348 69
841 313
974 307
177 120
302 587
906 282
131 938
985 153
667 563
156 608
910 600
244 177
896 535
944 830
985 664
237 275
786 904
66 627
573 194
482 302
750 664
402 763
952 850
199 679
99 909
243 824
405 441
903 189
185 404
597 780
772 480
785 34
82 811
695 82
391 863
445 492
919 479
266 744
845 250
118 490
900 265
560 549
808 384
526 627
639 376
282 869
259 84
947 580
131 664
130 689
432 350
719 716
30 535
317 233
645 685
735 227
339 941
207 64
691 971
893 597
175 469
772 987
262 486
885 104
132 86
127 586
799 621
487 617
166 729
573 819
723 963
317 881
406 540
350 914
222 717
347 739
233 232
191 339
741 84
568 347
334 681
282 163
661 790
291 593
220 421
699 268
576 725
317 886
782 746
90 693
963 368
978 284
133 889
660 482
597 921
531 276
426 969
654 457
649 866
661 831
437 493
39 780
122 571
171 101
756 434
241 731
133 760
295 516
708 711
271 182
30 554
638 546
954 497
989 711
618 622
331 785
151 186
651 831
643 274
313 841
35 369
998 538
75 498
466 535
945 697
115 754
657 124
197 822
590 979
934 915
596 375
455 370
130 435
690 187
545 672
133 206
626 476
506 20
613 913
415 683
320 176
198 175
352 222
381 996
21 391
716 810
682 744
22 942
141 316
428 218
802 781
452 203
556 823
363 28
838 346
456 199
207 454
379 79
109 639
281 453
255 726
105 532
634 170
744 334
838 45
661 803
897 958
539 401
277 765
509 999
399 820
828 663
548 367
133 543
864 676
860 511
832 753
634 202
983 782
163 770
480 366
571 811
2 29
855 878
785 208
652 497
775 334
976 156
741 933
54 396
107 675
685 700
851 21
714 404
198 767
768 294
704 317
646 272
689 965
553 776
64 551
263 859
36 152
581 973
502 9
614 131
16 971
244 894
845 639
681 350
652 965
410 189
595 976
511 22
748 546
889 834
265 326
280 921
734 375
40 441
406 861
722 856
954 523
948 860
767 712
894 61
970 253
927 850
205 576
286 32
359 232
259 324
482 913
169 694
661 711
398 944
427 623
187 7
0 882
275 347
392 858
15 492
511 522
992 401
4 549
867 150
494 846
160 108
902 976
907 994
502 202
996 422
833 418
550 57
511 891
68 383
831 56
151 728
403 524
21 715
464 627
311 224
412 503
959 911
917 160
751 596
31 396
969 617
60 232
921 626
527 900
805 313
302 729
839 273
731 235
872 981
873 290
53 673
545 393
287 943
179 949
232 412
474 214
797 539
535 716
656 500
633 520
224 931
241 145
274 943
353 293
911 197
840 106
761 922
370 180
110 412
928 637
695 969
836 869
3 307
486 367
318 239
313 191
325 271
326 261
755 972
365 466
268 956
512 589
814 273
238 853
490 427
247 901
580 495
481 78
528 671
783 676
906 815
379 630
242 903
27 183
897 990
636 242
770 46
780 972
849 481
121 301
182 860
510 290
234 27
203 8
387 922
754 474
107 109
470 22
653 691
638 352
133 205
879 796
0 438
173 624
34 361
910 643
573 394
480 471
530 420
307 24
623 589
255 453
180 572
393 540
878 57
811 448
230 329
934 818
115 921
123 333
565 268
469 554
518 532
469 868
899 145
355 536
109 432
744 100
14 925
658 482
96 173
619 263
609 733
487 909
798 510
624 880
732 279
763 522
429 334
811 758
82 285
561 33
340 455
180 243
526 934
451 520
324 762
515 423
315 179
229 54
698 919
235 824
45 25
147 500
991 179
962 796
25 368
284 593
357 947
856 767
675 124
307 792
555 733
202 169
5 603
21 579
553 637
476 475
207 90
249 305
240 180
960 487
633 866
903 553
305 397
77 473
668 48
982 856
294 84
186 521
308 956
123 172
635 125
783 550
402 316
673 739
628 826
536 321
519 244
587 13
80 580
538 612
121 195
81 709
374 933
772 449
154 69
608 641
771 759
845 545
763 8
190 682
253 676
958 984
280 920
120 86
134 479
230 848
37 560
108 673
213 650
52 904
952 254
598 563
526 745
320 343
931 851
940 298
221 246
262 284
49 199
642 933
223 918
387 320
227 592
573 114
798 395
190 847
106 449
690 933
360 634
803 953
862 39
49 963
470 961
439 449
471 847
97 325
604 929
856 842
571 176
798 531
573 268
15 328
579 38
266 770
991 423
647 134
877 95
828 910
497 4
160 615
204 194
926 151
60 175
333 264
255 912
188 862
747 902
393 975
381 212
140 178
181 660
651 910
957 709
504 428
513 2
963 565
596 228
525 496
246 25
482 763
394 898
175 674
646 277
733 79
22 51
357 749
159 689
936 107
411 975
924 732
594 753
12 407
386 68
577 32
534 418
417 168
540 793
899 861
130 382
214 357
108 511
305 560
648 691
242 781
866 204
26 121
924 714
378 146
18 796
475 10
80 937
262 651
946 207
129 774
445 557
722 833
823 627
31 921
175 43
180 390
613 11
788 981
572 878
353 412
193 991
688 260
761 306
801 200
867 969
924 267
345 282
719 299
942 709
528 5
925 454
50 899
421 357
134 81
110 917
764 638
636 22
56 618
758 333
228 855
457 865
495 147
768 346
610 835
474 618
966 770
313 640
883 343
334 871
606 599
244 286
263 872
296 956
938 782
927 199
603 67
203 364
14 560
203 159
11 940
339 947
546 48
337 648
569 481
103 583
960 912
138 442
924 349
130 254
842 200
54 147
271 854
148 956
241 629
809 44
594 403
757 462
506 736
305 933
157 410
888 267
467 94
916 616
431 117
139 245
445 391
67 834
978 873
884 6
518 827
465 506
297 924
324 327
74 698
404 898
121 961
838 6
830 257
262 669
294 21
676 191
335 20
598 470
425 432
158 301
579 758
369 705
639 559
950 331
456 288
864 777
544 644
322 287
95 573
841 816
312 374
430 106
605 789
273 613
706 159
870 19
594 697
773 382
709 403