1000 999
218 206
218 175
206 849
849 4
218 682
4 941
4 56
175 310
218 293
682 615
682 594
206 60
56 18
293 985
941 455
60 419
18 183
60 809
293 592
941 229
293 789
60 192
206 683
4 70
4 868
293 322
192 750
419 35
229 406
175 621
615 59
868 424
293 547
192 95
809 188
868 349
868 824
70 410
621 708
809 440
750 590
70 285
70 716
70 929
322 212
547 85
716 290
192 534
410 88
56 706
594 565
985 932
322 609
192 591
35 700
615 901
700 508
985 247
592 937
285 449
229 506
18 869
322 587
290 25
932 364
609 30
419 216
449 82
750 237
449 110
88 124
440 546
440 389
592 358
60 542
682 876
547 174
192 812
175 963
419 280
565 316
869 996
237 640
534 360
809 729
360 507
455 823
95 222
729 652
212 464
587 198
198 532
216 933
534 347
941 837
594 543
929 296
789 802
424 66
933 613
188 839
310 844
682 187
809 561
534 515
212 199
809 359
293 427
85 780
229 19
280 368
506 612
612 215
199 564
876 381
310 62
285 690
849 666
349 228
35 771
285 843
368 111
561 32
192 264
789 180
30 140
410 3
464 271
716 171
824 709
59 990
652 365
222 274
228 375
565 664
19 256
868 531
228 39
531 276
849 805
932 409
375 333
812 230
180 749
316 800
683 522
990 603
932 687
876 503
360 497
60 852
199 392
175 262
687 691
360 769
82 980
174 295
171 79
276 493
522 136
410 582
543 319
419 744
218 422
230 292
587 854
980 873
427 504
809 606
375 766
347 380
296 413
729 870
800 329
615 200
230 49
124 248
49 109
771 421
292 213
206 984
812 96
522 197
175 866
839 847
941 673
750 203
868 783
198 954
85 655
375 743
39 919
565 878
843 894
49 899
292 776
136 555
455 36
56 142
666 306
406 589
809 71
682 791
932 132
206 874
587 830
531 189
349 959
62 625
111 785
543 855
507 97
508 304
515 50
603 694
349 391
655 23
866 156
365 297
776 279
866 845
349 129
870 527
776 739
215 913
213 38
984 879
171 235
937 81
954 617
296 678
590 311
419 259
285 639
664 22
823 430
845 986
455 689
175 78
413 302
410 172
497 148
785 112
609 321
228 634
319 461
603 711
316 900
582 320
613 833
35 114
156 338
769 459
621 47
769 988
855 98
843 397
247 6
531 753
22 936
464 793
522 357
38 759
612 176
368 953
203 940
591 402
739 330
543 858
419 472
464 164
357 828
79 10
504 127
213 447
447 9
427 456
612 407
694 426
843 537
839 401
30 994
192 239
19 72
203 804
504 794
25 231
271 510
564 944
936 641
449 686
687 813
237 492
98 227
237 477
515 185
868 134
986 648
716 888
449 629
38 58
652 169
749 441
879 159
855 243
849 972
866 560
708 195
936 724
531 458
213 479
338 431
392 628
972 94
159 838
456 997
290 394
664 892
613 669
6 914
6 277
543 468
322 795
185 722
749 825
180 367
845 263
174 108
310 541
795 46
785 498
319 268
330 372
277 84
296 523
972 563
615 526
424 528
932 787
357 69
84 598
783 822
127 471
944 126
285 323
615 103
612 444
297 576
124 11
6 281
112 417
263 631
330 624
541 725
347 384
333 670
561 369
678 548
406 353
849 893
79 763
365 224
617 978
59 856
854 742
35 165
854 379
936 798
195 846
933 514
542 446
132 21
357 101
532 261
292 971
271 475
682 265
984 559
548 574
114 931
787 517
953 850
531 312
329 43
264 288
94 482
389 294
114 149
932 774
664 157
229 752
72 756
441 665
869 681
776 926
493 151
640 225
444 454
447 414
628 717
497 827
980 303
421 234
21 697
994 305
391 728
265 786
381 135
164 254
293 554
802 814
281 325
800 115
709 987
771 399
431 361
497 33
543 226
594 755
716 862
407 572
514 170
234 499
900 679
609 137
71 951
856 570
304 871
515 202
276 688
963 17
959 571
717 552
624 232
183 334
570 480
6 118
541 83
542 685
310 859
304 211
791 520
590 642
230 890
39 975
503 236
95 121
81 647
449 173
394 817
88 702
172 757
85 388
711 57
670 597
110 437
482 86
322 355
112 519
322 657
83 772
894 777
169 249
681 714
652 331
60 12
742 80
561 922
454 405
3 434
101 672
17 487
288 194
683 102
305 453
687 832
419 486
188 107
248 584
69 618
597 481
358 816
312 37
140 983
682 733
296 496
180 973
988 636
203 412
6 545
372 921
206 8
249 964
933 958
716 408
759 928
594 644
426 897
303 270
43 807
725 483
856 77
921 891
364 801
174 806
35 553
531 145
109 317
827 938
978 478
235 762
10 146
81 663
195 178
733 68
582 646
756 465
4 961
248 982
447 718
634 630
132 374
618 712
399 250
12 924
453 885
873 150
83 573
729 942
519 525
816 241
702 645
843 119
673 125
639 884
36 307
528 935
317 569
774 245
645 701
401 450
405 324
38 703
102 260
624 74
543 991
944 840
988 761
234 826
624 601
546 488
86 378
199 881
631 637
410 939
35 819
136 452
787 217
487 443
893 992
570 979
146 619
140 484
772 710
899 144
72 117
325 799
47 834
997 436
436 614
935 622
756 934
156 575
317 186
265 27
644 567
492 152
259 404
628 193
487 588
786 423
752 428
156 638
436 539
247 252
631 550
297 518
164 653
871 166
951 595
787 147
325 425
127 557
252 308
472 143
938 831
252 857
885 244
320 967
567 332
39 841
455 158
213 835
227 746
72 55
234 948
172 536
498 133
828 301
401 439
539 966
700 383
985 233
232 106
4 99
964 671
488 466
296 345
822 219
406 433
39 385
322 161
95 627
112 558
503 768
606 995
466 604
270 0
292 201
389 326
49 341
132 705
940 275
555 5
634 340
714 726
510 90
353 699
187 556
546 803
323 861
187 512
440 784
858 196
550 205
316 34
126 910
899 184
81 562
571 880
958 429
36 87
261 907
176 354
262 989
180 836
85 643
859 13
594 713
997 463
762 698
245 976
172 289
890 344
638 877
614 253
249 31
573 362
409 336
108 952
202 778
353 767
345 524
136 577
407 909
13 925
21 29
552 435
785 393
899 346
556 917
698 993
479 513
517 509
430 489
152 875
874 872
935 829
514 764
417 328
539 535
440 363
613 905
453 2
4 675
107 751
939 600
973 930
66 210
244 242
643 957
297 411
524 272
504 415
125 190
36 754
129 462
506 251
421 549
729 635
935 765
341 566
149 903
839 568
629 240
759 654
880 796
276 48
145 949
771 89
156 61
455 382
355 366
477 267
281 223
293 208
566 693
382 962
587 141
262 516
526 160
231 352
111 904
526 696
417 674
433 476
841 318
404 138
126 760
453 396
71 286
19 45
708 177
575 586
716 704
903 167
746 732
678 895
575 356
115 747
132 950
275 740
208 257
103 438
832 731
819 912
455 131
436 623
638 887
590 608
210 273
324 970
591 390
239 605
503 551
787 797
211 337
234 736
624 611
241 544
953 314
276 649
722 599
6 865
276 14
295 350
794 15
525 418
21 28
991 266
905 400
961 51
975 309
161 335
247 737
369 238
691 398
922 667
784 883
277 40
270 864
849 680
472 490
27 810
391 889
385 258
952 583
826 300
544 104
486 540
138 24
601 432
419 735
991 898
499 596
333 153
518 416
510 460
852 457
355 376
273 811
35 283
596 578
14 502
285 448
645 26
215 741
277 44
991 469
432 677
560 445
950 863
804 373
344 911
446 782
536 485
153 585
347 105
560 633
545 788
346 790
589 442
899 491
424 915
852 610
242 403
491 278
963 113
59 246
300 351
482 650
653 181
610 947
890 130
833 918
702 291
839 707
324 851
547 902
604 538
805 927
56 748
190 730
518 41
560 20
967 500
617 853
646 511
210 63
564 155
953 207
690 960
98 661
967 727
308 123
784 720
483 745
851 342
412 770
919 495
10 529
434 593
927 343
286 315
77 255
200 860
144 67
98 896
699 580
355 182
428 501
422 284
548 977
28 773
899 842
894 955
507 734
436 269
887 348
15 128
865 116
751 908
481 632
880 715
28 721
665 1
310 91
677 473
545 163
989 738
753 327
531 792
941 474
630 676
971 470
291 162
393 154
172 53
621 122
750 916
814 298
211 848
85 92
383 779
507 581
274 723
9 494
664 282
144 945
555 923
2 974
737 120
740 820
724 64
837 656
796 204
531 467
180 370
970 287
520 191
872 377
677 530
979 867
609 420
433 371
416 299
412 387
279 214
947 65
252 886
149 968
907 943
477 659
464 7
196 139
955 946
253 662
329 821
791 882
860 906
401 781
783 684
383 692
443 386
376 209
944 339
652 775
473 521
570 956
603 695
378 981
447 16
106 660
861 221
514 626
665 658
302 818
488 999
48 808
119 533
827 920
677 313
251 54
783 451
169 998
850 42
170 620
29 52
963 758
692 719
624 969
936 616
185 607
954 93
750 505
608 73
403 76
527 579
497 220
681 815
41 965
489 602
572 179
266 100
612 668
402 395
551 168
318 651
348 75
