10000 9999
8098 8659
8098 5675
5675 4160
8659 9942
9942 4979
4979 2109
9942 3582
4160 2022
8098 4693
3582 9134
5675 3218
4693 7863
2109 3649
2022 5341
8098 7169
9134 2545
7863 6394
7169 867
3582 5666
7863 9422
9942 5139
4979 3744
3582 8138
5675 9398
4693 774
4160 4868
3649 302
5139 230
302 220
5341 1093
2109 5027
9422 3304
3304 8495
9134 6611
230 1596
7169 2262
2545 8027
9398 4001
8098 7293
5341 5486
3744 7584
3649 7439
8098 786
1596 8386
8027 1363
5675 7224
302 3133
9134 8543
4001 358
8098 8559
867 3277
2262 3337
3582 7968
3277 4364
3649 6914
786 9113
774 5778
6394 2694
2545 6177
1363 5033
302 2494
1596 1033
1596 4407
5027 3806
8098 8931
2022 49
7224 728
5139 1151
3649 6470
867 5927
6611 335
1596 6651
2545 3640
5027 2187
4001 8578
774 506
7968 4253
9398 542
8931 9326
9398 4943
1151 9234
49 7754
9326 7206
7584 3130
8659 5988
8659 2158
4364 5122
9422 9380
5988 4362
4160 6276
6177 2456
2694 6843
8543 1701
8138 1891
302 2343
6470 3388
2022 1742
6470 9149
542 5977
5486 888
5122 3155
6470 8305
4364 3372
8495 2936
2343 269
1701 9327
8931 9244
5486 8064
8931 6599
49 8082
358 2987
3133 6833
6833 4304
9380 5289
49 3575
6276 3517
5341 5001
8098 1085
4160 4928
1033 8833
3575 4810
1742 7307
7968 7637
888 1539
9327 921
8305 7009
8543 1300
4304 6737
2987 7438
7224 1748
7307 6879
6914 6762
230 3186
3517 7363
3304 2177
5027 702
728 6297
4693 2092
358 8928
2545 9090
8543 46
3582 217
6611 9361
9361 7548
358 4792
1742 1506
6762 3840
230 8302
7754 5448
8928 9367
8098 3206
6297 4775
9361 668
3206 2558
6843 2162
867 8200
8064 2626
774 4906
9327 1357
7863 3111
8559 2154
1300 2492
2109 8005
3337 4004
7009 5740
7754 2216
8027 4020
4001 1528
4364 1441
2558 2775
786 7265
4775 4226
2545 986
1506 4551
217 925
5122 2387
8928 4597
3155 161
6276 417
867 8167
1093 5322
7224 5782
7169 236
3337 4545
2187 853
9327 2302
6737 7074
2387 5529
1596 2533
668 9672
3649 5582
3130 6905
7863 9661
7439 6461
9149 6986
9422 1567
4551 2217
4545 3198
2162 5705
1085 8090
2162 3382
9234 5481
9326 8539
3649 6181
2154 7482
1596 3075
5341 1365
9398 6516
4362 3712
7265 7422
2533 8315
4906 824
2494 6045
217 4533
3582 5974
6651 6456
7363 6334
8098 1223
6394 8505
8543 3602
4253 3216
4693 108
7009 9709
1085 3906
7482 1924
8505 2882
9244 5765
1093 2748
8305 9446
2494 7330
1567 6127
4551 2856
9422 6547
2694 9130
3216 3901
3218 5147
8833 3988
9234 987
3575 6189
358 514
8138 7215
1085 669
6986 4601
3640 2315
7363 2757
7422 3663
161 9097
3186 2381
8928 5954
5582 4280
2456 4010
1300 4502
6762 8616
7330 1797
8386 5433
5988 8108
2533 3367
668 6437
3840 3056
506 3870
9113 6901
7482 4369
5765 5513
3133 3174
5977 6681
542 361
6297 6535
4810 5184
5001 7377
358 8631
4160 3142
3056 1038
2936 6938
7637 7739
3198 4667
669 6603
888 481
8616 7369
3218 494
7754 6563
4810 9609
7548 2841
3388 6594
8098 6279
1223 8223
5481 5089
921 2386
49 1466
6177 610
6181 3508
1797 4973
5433 1439
7307 7869
9326 9682
1539 3691
3367 3134
6901 3865
5675 2702
302 9094
6762 1707
3575 9318
9134 8849
2387 6566
987 2500
8082 4083
5027 6408
2262 4129
5765 5544
302 6468
5954 8396
4928 1308
1466 1767
6535 138
138 3810
5954 8617
3155 9221
9244 7145
230 6419
8027 4998
9318 7935
2262 2961
3382 5264
236 6968
217 4573
2162 4879
9327 9375
46 6811
3218 4668
702 5382
2494 6380
1441 8734
2936 7901
7377 1520
3602 9011
3142 7110
6394 8922
5139 1677
8305 32
4533 4707
702 6366
7215 4931
7869 7190
3216 4399
1093 7492
702 9127
669 1336
1539 6019
9709 4360
3582 9544
5705 570
8027 7782
6516 5423
8064 5984
5705 2078
8305 2430
5264 7036
9661 2280
7422 2950
9672 3327
2950 8729
3382 1037
358 2842
2387 7770
6366 8601
3056 5976
8922 2823
1151 4815
2533 3997
5675 6348
6019 3833
7492 1353
4998 2120
1924 1368
7422 7955
8578 5730
8223 590
8922 3499
3575 1114
9709 6610
8495 6023
138 2184
7307 9325
3691 2029
986 6951
1528 292
6762 3500
6879 2935
1093 267
1742 414
6516 9164
8543 9878
9661 6568
5139 8345
1368 3771
2177 4206
6279 1791
986 3615
3056 4589
1033 353
1748 8698
1924 149
2386 7312
8396 6424
2492 2554
1506 2596
1441 1651
4362 3103
3649 2885
5264 2778
361 7975
4004 2520
8090 6187
1506 2040
3304 524
5740 171
1742 2653
2842 3281
6566 174
3111 6006
2387 8907
1151 7212
171 1354
2343 8592
3186 650
8315 9086
5486 3078
4001 6570
3198 5235
8223 3405
3602 8869
2456 7016
3142 3567
8315 2907
3771 761
2302 2498
3712 4158
6599 1979
6968 183
267 2650
2217 6776
217 560
7363 7551
9149 8380
3134 5453
5139 6103
2343 6979
3277 4023
1365 5344
2386 1710
7110 1542
1542 6765
183 2259
8064 8563
6843 2318
8729 4948
7439 3545
3870 8339
292 2993
2882 1721
2748 6837
7492 1859
7492 4782
1677 1816
2280 2605
6419 277
6535 7232
2040 2988
6103 6557
5341 3244
9672 9291
8200 3930
1651 1092
5341 901
4998 115
5147 611
8302 3317
8617 9212
8578 9430
2262 4064
1368 3151
9149 9655
220 4618
6762 5986
2748 9177
761 8962
7754 6209
1363 3538
6189 2469
7975 8635
6951 139
3901 3687
8305 843
4693 6267
149 5923
1721 751
1596 9201
3640 3784
7016 4788
5289 7607
3663 363
2775 3542
6843 5953
4020 5627
6737 6222
1038 7376
7206 5849
9134 8915
4693 3040
668 5050
4129 545
4810 4288
1710 978
3103 3850
5289 1387
7215 2803
2988 2215
5782 3418
6468 4426
9327 4062
3542 2537
8698 4388
7307 100
6045 2069
7224 2310
2702 6660
1038 8872
1506 8309
100 7587
7438 8639
7265 6429
7307 2487
171 325
1767 7252
506 7493
7935 3459
7754 2251
3056 9926
6765 7283
267 6940
7782 4167
4502 1690
5433 1880
1690 858
3901 1099
2069 4764
1114 7301
3865 5160
5765 8900
7935 6036
7548 7333
1357 2909
2215 7601
3988 7261
32 3915
9544 9039
1677 6121
7492 530
2936 2790
3078 3265
7283 8189
542 811
2318 990
5927 2059
1859 2006
2558 54
761 5914
5322 6303
7377 3035
7301 5748
5050 4853
6279 1967
5954 625
7293 3086
4206 6056
2022 8717
8915 463
5050 5293
9327 8512
9682 9773
3265 1063
4533 3140
6276 8289
3142 4125
6594 468
901 7061
867 3483
7110 2488
6419 8977
7377 2366
4601 3730
2006 5214
7301 9049
8900 7547
3810 9853
3337 5354
1038 6323
3810 8686
6297 4398
6879 2275
8659 4271
267 6289
269 9568
2262 1775
6843 5186
1539 569
2885 9933
1099 485
9177 2088
6811 5787
2177 130
8734 9300
3906 3256
361 885
6776 9
858 9659
2702 9118
2069 9091
5486 5357
8512 7433
6177 8637
5782 6496
7754 5934
3988 5961
6765 2349
1353 2426
702 2729
3806 1592
4667 4290
5986 3875
5974 9917
5122 7387
2217 4185
1651 5742
7547 817
3901 6774
751 1423
978 2044
6681 3815
9942 5250
3418 8675
990 8913
4206 5960
6276 6819
7754 8632
858 2137
5235 9393
1423 3794
728 5771
4792 3349
7601 5298
9917 2506
3155 4577
2757 2347
2302 6784
5705 6766
1859 7731
4369 1546
2909 8747
6611 4135
5961 4738
2430 4275
8747 2480
8913 8680
8931 9600
5089 9919
9234 2476
7548 1695
6774 7546
1033 3989
7587 9610
2280 2101
7782 2525
6837 8209
4288 3288
6456 6049
8302 5088
9610 3173
3349 2296
3133 7535
8064 8674
7547 8537
3901 1608
7482 6074
236 4997
3134 5111
7369 5585
4388 876
6189 4926
2343 9937
8747 1847
363 1584
3517 6151
1099 5016
9544 6973
4407 7300
2987 278
3140 8932
6951 8391
5513 8730
3337 5130
888 7589
6843 3481
171 2414
3784 3095
108 3788
3198 8593
2347 6148
236 8752
2259 5518
4004 4726
1608 8815
3663 3604
3481 6341
669 3572
2605 3814
8391 1309
1423 655
8730 2833
6323 3396
5481 5807
3806 2233
5250 5360
7036 3715
3367 5426
2426 1712
2280 6677
1038 3344
9318 7963
7584 7246
3870 3532
3640 69
1690 1213
6819 4874
669 5781
5771 7639
5529 4030
2101 8682
8391 8845
5186 1433
9853 5547
7731 9077
9086 8863
2533 9924
4668 9604
7232 1081
1363 8634
7770 2902
2950 595
8563 8190
8680 2036
9113 380
2533 4402
5666 135
6811 1304
6566 9819
6049 6899
4160 9137
8027 4474
6222 9874
6968 12
1506 3614
1592 9990
9086 2364
751 1856
5544 7465
6348 5117
4792 9238
5344 5422
9164 8605
6121 6427
139 5854
4782 618
3865 2127
4304 9991
2823 2963
7265 7077
7246 1272
135 3911
9926 4409
2492 4072
4906 5812
6267 763
3173 4390
8345 4204
2856 8930
4010 1873
481 7567
2154 2475
1797 2739
3517 9518
5426 8353
5298 1823
6303 6559
2702 3490
2694 1234
130 1358
8512 832
9361 9844
853 7334
2184 6614
611 7818
278 2691
5184 9125
8138 531
4072 7423
1695 8177
4868 103
524 687
2414 9623
3814 7625
9398 9348
3142 5158
5027 4753
2158 8997
2748 4307
4782 5785
687 3716
2778 1746
6334 7718
1151 8877
7637 3888
7548 7279
2078 2089
990 8297
6461 4162
4707 517
1223 7558
4810 1031
8305 9044
2498 4112
5849 2362
6408 4273
7433 8710
9682 6441
4288 1945
8632 3820
5748 955
1856 1981
4307 9140
3490 5230
4030 6675
2078 2859
9326 834
2545 3613
5001 3620
5423 9891
8634 8714
3901 1474
9375 3115
2154 721
7293 2399
8543 1762
6297 4186
3915 3247
481 5000
728 9377
4667 6220
3771 4291
832 8503
3989 8387
625 3297
1358 9578
9039 4383
1300 4320
7232 9693
1856 4494
6056 4730
1891 7864
4291 9975
1924 6071
485 9360
5730 4539
7377 8003
4320 3416
4112 4203
1608 1718
4426 1399
2500 4900
278 6167
8659 4213
3613 3223
3788 538
6819 9268
8632 1638
1354 1295
6765 8874
3483 1495
4573 2613
1695 5142
5988 2145
6899 7121
1701 7604
3567 5621
7604 1875
3712 1647
414 1366
8729 8470
6408 2263
9326 3648
292 7240
5781 3647
7492 133
267 9642
220 602
5184 3942
6563 4665
5977 4495
2154 7347
2487 1040
7293 2195
2154 1941
3111 4741
5984 8820
9975 632
1797 5681
1742 2848
6819 2911
669 9535
7567 689
9375 7789
4280 7756
1981 4660
4931 3066
2036 9249
2757 8277
7731 1849
2366 9941
531 3641
5974 8093
506 5555
2154 2214
8167 1406
1701 276
1542 8926
8108 5541
2520 2282
7169 1759
7756 7673
9244 5943
2475 7044
7121 3385
8200 7806
4979 649
8680 4611
5481 3319
5142 5792
8512 7380
5264 9764
1406 3108
7546 3024
5186 5698
463 7729
5289 8099
6568 8275
2911 4546
5088 9570
1358 8112
7584 8574
6220 806
6023 1598
463 5535
5382 9837
138 6379
1406 3296
2702 9108
8872 7573
7604 2113
358 2360
4291 593
5943 7080
1033 835
6568 5407
5027 1684
4900 8308
7312 3927
5698 5019
4495 9549
867 5586
5422 9854
7044 5048
649 3464
5698 6092
876 1675
4667 9190
9140 6440
4546 6932
6461 4608
5341 6193
3086 9431
1366 9451
4928 4686
506 5405
1875 3748
3247 5103
3388 2211
4185 9875
9919 6308
763 1714
8223 10
9661 3975
7283 3802
2456 5477
363 8851
5139 8500
9291 5192
5142 3149
485 7049
8717 6113
5781 2285
9891 6589
1038 6047
9854 2773
9094 1640
5927 6102
3567 3899
1093 3570
9431 2735
1357 810
8752 6349
2044 9900
2158 4136
8869 3651
1466 3714
1085 6266
9682 1845
3620 9596
6113 4214
4764 4111
3319 3515
3186 8083
5698 4843
4083 3224
3663 6949
3344 1892
8639 2722
3078 7473
4686 5855
9108 1172
1114 3318
3641 3191
3794 4295
1433 7846
668 7630
2909 1452
9039 2442
1791 6493
6056 768
7074 3169
2215 6192
3748 4401
1085 9100
2907 5363
2790 237
668 9734
3771 2534
6102 1371
3483 3609
8027 7014
1223 2003
7567 6076
751 2225
4280 4074
5033 4191
4304 1381
5422 3147
4186 5189
9393 7541
5544 8701
2022 5800
6461 6782
8277 424
7625 1505
3075 9964
9422 303
8997 1329
6610 4541
3730 6005
986 5722
1748 6672
4271 2379
3318 3669
768 9442
4010 8623
6289 3037
3206 5090
6762 1067
4601 1438
7731 1125
5730 5572
1584 1658
5977 310
7482 3055
2691 6810
2315 210
2302 1467
1387 3650
5122 5061
5705 797
1304 102
4383 9173
6610 9949
4608 1674
5214 1738
6181 8891
1823 5714
102 8567
138 1229
3575 765
12 1691
5344 4017
6762 5332
6599 5272
5192 1843
302 1364
2006 3331
3730 271
5698 9740
5088 577
1707 3798
6968 5040
3641 8101
3602 4550
3223 3292
2379 2050
2525 1000
6456 4727
610 4180
2262 5589
1439 7819
6036 1894
1638 9029
8308 612
2154 3844
7864 3995
8698 1374
5000 6221
1357 4697
8289 9665
3198 1222
3517 9718
8305 9788
8396 5789
1546 4281
9854 5155
8601 1606
6672 128
3687 4768
7334 6605
6192 7946
1791 8748
6113 8148
5585 5263
115 3896
6023 1323
2911 9358
1598 8640
5927 7859
4112 2333
3716 5456
4001 3472
1438 5392
2907 3872
4167 5832
1606 4335
8167 3131
1528 6360
1067 132
3901 1105
5122 4519
2545 2818
6427 814
577 4393
7212 4978
3896 1961
6547 8771
5298 2607
4409 5859
4707 960
3344 5021
6308 4796
8574 8437
1606 9514
9655 3192
1746 6174
3337 7326
6151 8234
1592 2806
650 2509
6424 3398
8339 2012
835 3397
5787 5921
9234 8937
1546 5980
6429 7274
9682 7256
6113 5869
4388 7638
7206 1061
2275 1064
2050 1447
6979 76
6308 9699
1701 6512
5529 158
7754 9115
1092 676
6334 2011
1823 6445
6675 8296
1967 9943
4611 9712
1336 7043
7770 2425
7369 8484
7806 9569
2803 7165
7423 5704
2386 42
1399 155
3715 7430
5033 8792
5382 4917
5518 72
5486 965
8932 5444
8559 7628
4768 9182
2626 9640
4782 8707
4788 7989
8386 1887
7334 26
3191 5496
1368 9007
4573 8802
2225 5409
5627 2317
3650 6812
9234 3004
6843 4691
763 4270
4129 9721
4160 4316
4788 652
3567 4238
5184 281
42 1607
5681 8286
76 6227
3604 9292
4238 5084
1063 7068
9318 3974
7955 2851
5742 5374
7300 1906
8234 9694
5332 5105
5344 5023
4273 5128
9094 4817
6019 2616
560 6313
867 4640
8003 3502
2848 8304
702 3551
1061 1254
9734 8985
2120 6356
960 4396
2302 5440
5977 4440
6076 5761
2214 4286
5423 5925
9007 1517
2022 8085
6938 5607
5782 9286
4402 7800
3663 333
9249 7046
9291 6401
2282 1617
4001 2171
2296 519
1887 4370
7014 478
9130 1394
5761 8183
687 9163
1847 8618
6220 2014
9941 8902
9358 6150
478 1504
4943 4836
4541 4934
5535 5369
2364 5822
2127 3202
3840 8430
6049 2629
3149 1915
4383 7041
8304 5673
4074 8338
3604 5648
5423 8161
6776 8645
5122 7317
302 3376
9659 2454
751 8982
2803 5500
9091 4063
3459 5006
5529 9034
3192 1522
2259 9539
6408 982
1295 3214
3331 9317
652 7919
8592 5065
1517 7853
3004 4556
6102 3928
2494 4540
1447 9448
687 5591
2607 9627
9100 4996
2626 9501
5322 6135
5923 2531
6092 6734
2285 7713
3319 9838
3802 9741
2362 3083
3103 107
7016 5811
2823 6872
7433 9811
669 8221
4768 8095
9164 6305
1441 8847
2694 790
4691 7624
9361 5835
8849 2316
3115 7354
9773 2732
3037 9455
9286 3770
9108 8294
5976 1305
4129 125
8338 2772
9773 1393
2936 994
7535 3936
5943 692
5065 9285
7206 8084
8601 5299
5589 4880
6461 2047
5357 8055
7261 8231
8223 4745
8631 6042
9367 5606
72 1415
6594 8336
9130 6924
7330 8886
485 5377
1707 8879
6135 8367
3037 9420
5869 895
4810 825
1859 2580
1941 8929
1125 1369
3542 8837
2757 4681
2047 946
4551 7907
7330 2063
7430 4932
692 7608
7546 7924
5589 6376
517 620
9034 8419
2911 5847
3875 3917
1040 4367
9292 9124
3988 5156
5704 8073
3651 6805
5156 8648
292 1051
721 4078
4383 9520
9734 8723
3396 2495
3532 9951
1371 9839
9535 1245
5382 584
6570 5200
6209 5576
7819 8455
4810 2710
5705 2421
6360 7316
6766 5563
4290 3987
6303 8507
3296 8048
8631 9071
5705 3754
3748 8260
6419 6373
8929 6760
9539 7223
806 2665
7729 3656
8680 2672
3277 3364
8645 680
3582 5542
6968 3139
3810 2594
6837 9517
1423 4661
4782 8023
133 637
108 9121
2500 5196
1546 5138
6951 3643
7049 6180
10 4176
5322 7489
277 8357
6986 9528
8717 7004
1584 2048
9244 2136
6297 932
6356 498
9007 1475
9360 2579
8537 6545
2859 9750
2616 5102
8353 5259
4640 9802
4943 1872
5444 1482
9718 8374
6303 2111
3942 2209
3572 8860
7232 8732
8675 1930
7551 4011
9943 7816
9113 3576
5986 5503
4304 7019
4180 8774
4853 7509
271 3914
9108 2253
9285 8042
1447 389
3508 4654
4810 3496
3542 5611
6174 6130
6113 7011
8977 1937
9699 9203
817 5701
7713 6489
9238 172
6373 5912
26 2570
7924 913
5544 1164
6076 8186
1495 8715
5407 9336
1596 2115
6535 3082
5730 775
9446 6465
8701 9835
8617 9191
5934 8775
7548 4544
9990 5492
6456 1819
115 1518
2171 9962
2115 8883
8138 3983
8396 529
3367 2858
5943 7679
7624 7501
7223 6839
668 7162
1092 4910
761 5575
26 490
5050 708
1684 7734
1791 745
7770 9907
1364 2954
7501 1519
8297 1424
3850 5907
8593 3685
7955 4614
1399 7359
6209 4310
7293 2277
6356 5635
8891 4144
5607 799
2537 7513
8877 6043
7016 1737
8734 53
8860 1054
1222 7432
9360 7702
2127 4604
7551 412
9291 1636
7863 9905
4213 1209
5369 4981
2145 36
5027 9410
6167 8188
3151 8061
5761 2407
5854 1884
6535 5893
2963 4047
8559 6208
7573 6399
9375 6195
485 3259
7438 2438
9317 7161
3930 8453
4665 6602
7274 81
414 4610
7739 6859
6557 5853
5974 5863
5943 4793
8863 3631
1567 564
4973 2557
9393 5514
7946 9347
5084 297
6932 4841
5701 4171
6760 6418
8863 7714
6042 7322
728 3438
9448 3946
835 5059
1051 5610
1305 9030
702 7010
2029 6298
3716 8068
2040 9690
3367 1260
3865 8594
4879 8825
2362 6890
7739 5770
5289 7129
6323 1484
9991 5963
5486 8268
6189 9475
49 4080
1658 8382
6193 6084
9431 4913
4815 261
3815 1161
7377 2932
5016 8443
1714 7320
7853 3168
7968 9459
5960 2591
6418 6795
102 5795
2722 20
132 1123
1441 8259
2158 9948
7061 1015
3669 4593
9125 6219
8101 4927
8851 1664
9811 7817
8732 1836
3349 4944
708 22
3989 2472
261 307
7714 1936
9090 6339
6418 2766
9838 9349
5186 6690
8455 5588
1691 1075
3496 6961
2349 7621
5681 6634
702 3577
6594 9373
7589 756
676 1071
1354 3446
3771 3807
4186 8762
6599 2068
8003 5633
810 2966
9100 6335
6148 5434
6187 6090
5200 2420
4996 9104
7080 1352
2059 8465
5730 222
9121 1335
8618 8755
9665 5991
303 2309
5529 6893
6496 3164
2088 3923
5189 9913
5785 5167
8637 6745
982 9521
6056 6844
3814 8151
7963 523
2349 8120
8382 8649
7639 1787
2309 9258
9878 4628
2318 9417
3496 8088
1234 5056
26 5118
5360 5136
756 6218
5059 681
2310 7764
564 3708
3318 749
1647 486
7190 5098
8095 7233
5142 7070
7224 2951
5675 3574
4393 6657
9853 8012
2456 2178
1415 8103
5332 6627
4973 321
2187 1916
9839 6728
9661 866
7330 6498
4998 2572
1093 2114
8148 6519
4112 2080
6634 5901
2537 9407
6427 1956
9398 9588
1438 8439
2069 6823
8883 4896
2120 4708
1245 8192
3575 9019
1353 7371
4640 4194
6681 7383
3131 73
8578 3461
1762 6943
4745 6245
3481 3511
1300 5609
9919 1127
9520 6132
6151 270
3647 8399
6084 8848
843 7181
9699 9027
3870 7577
8188 2331
6419 9196
702 8585
5934 460
8563 6720
468 7555
888 169
9140 8787
7347 2166
7548 4798
2407 8355
4782 5786
9190 2562
9764 9020
4112 4797
3989 1716
7946 6034
9740 70
7363 4767
5835 9524
7432 3267
1335 5530
7816 8211
9326 1632
8559 1610
6465 8372
6349 7490
4913 9573
2044 7781
774 5532
9524 5188
4797 1788
1093 9513
584 7195
6195 2222
3647 7699
6535 2563
1606 4169
4610 5549
4697 528
4144 8819
9941 6389
4589 7435
8825 5367
5984 6154
9926 2615
810 7583
3277 2067
7301 4498
7019 2625
1504 8669
5675 1388
4913 2231
4214 4994
6341 9488
4214 8759
1617 8579
5056 7214
1067 1755
2859 2681
3405 3099
9659 1711
2748 5052
9029 4485
1567 8778
8048 5957
8289 6400
3398 4376
6335 1642
9164 9075
5954 5499
380 421
9347 1752
6745 4345
2494 8334
1075 5879
2067 2143
363 2990
514 8218
5591 4216
6193 288
529 6694
4628 9383
6047 9058
5423 8225
8453 1339
5189 3009
8061 1175
8847 2016
3714 5632
5576 7626
5440 6891
4125 4732
7489 7857
2059 8030
7864 2514
3111 1733
6672 1279
3715 1904
987 9306
2476 8524
5704 5269
6174 351
2036 5602
1172 8417
2935 8918
4927 2839
2275 6886
4213 8009
1172 2428
8048 5691
4943 1562
570 8301
3651 1206
8231 9971
6279 9587
8820 98
1399 3031
4393 1853
2494 573
310 4037
9764 8319
6419 1922
4171 1145
6177 5231
9891 8021
2594 1096
1981 3972
4214 7508
806 5351
2509 1036
2414 8050
649 8923
3620 8094
8068 2791
6979 3002
5192 5559
130 8359
2050 4704
2514 9625
519 1174
4176 3156
5444 8846
4841 5220
6127 6479
593 9295
3224 8341
4927 930
5405 1568
5984 8805
9091 5063
3691 5081
2282 5025
6379 422
1847 8818
9149 4251
649 6667
9034 4537
5991 233
4896 1227
4307 6391
1816 7102
2078 7606
3099 5030
9446 2830
3906 5774
3567 7693
5789 8697
5927 3306
3807 3357
8962 1665
6192 735
8396 2972
745 3449
8567 2551
9077 7365
9422 9454
5632 7861
5774 3596
5118 6257
3641 1890
2136 7396
3770 447
5369 6572
5988 4560
1061 3436
2533 5552
8701 9644
2003 5754
763 495
2596 2383
7274 2971
2381 3635
2509 4965
6267 1195
2557 2009
6886 1783
4001 7026
806 3753
5433 4602
955 3209
2570 9133
5754 5436
8585 8956
7806 2666
7232 1655
2488 5880
3481 7040
4997 5375
8539 6093
7693 4133
6380 8273
3099 6357
4498 3838
3596 634
7789 3999
3002 1715
1415 7807
6334 4131
9514 5703
4793 7427
1936 1790
5299 9529
6092 7403
9347 2199
5128 2473
4131 4835
7300 3822
4080 5540
1875 2183
4654 4993
7465 7204
353 4933
4273 5292
463 4325
5322 7085
9238 4380
6148 6319
5907 8548
69 1259
6167 2550
4993 5390
8762 3509
5782 6558
4741 8149
9811 6340
269 2424
3035 18
2480 8951
8747 1683
2972 6158
5492 7452
4686 2305
8455 5790
9285 5091
8869 8769
8374 3084
1695 9185
8319 744
6774 314
3499 2776
1746 5485
3643 6526
2386 7719
4213 2135
8819 2373
2572 6361
2309 922
9587 7732
3615 2026
1061 2767
9837 3255
625 4116
8225 305
987 2466
5434 6240
2722 5816
5761 813
9596 9355
8723 5420
8209 8051
9349 706
5703 3889
4367 19
9672 4848
4597 3313
9201 5325
8289 5134
3502 5157
5481 7890
2735 1410
8103 8168
9375 6163
292 4353
2570 5175
9149 9526
1592 3230
7333 6075
6376 1047
4608 9483
1175 141
7781 4423
8101 7655
9975 9284
220 1986
1945 2813
9788 1240
3983 2779
7102 2173
2607 1992
7901 4847
7955 9354
618 9132
7679 1829
5901 516
5513 5180
1906 8452
2823 3326
9661 8150
3604 1709
7535 6265
1075 6069
6219 7745
8500 9307
5529 3044
8715 8914
4697 1384
4136 127
8183 4909
5555 7987
2442 4683
1718 2768
8985 8945
4133 3665
1936 7623
3214 3352
7819 1078
9137 5381
5156 7101
1709 6435
6219 1189
2966 5700
7907 2693
9475 4373
1872 1226
9718 3094
8640 3426
9354 1104
3084 8264
5063 5814
3923 2648
7800 6129
4540 7324
3209 8164
3651 8006
2990 6355
26 9031
5139 1065
2520 6679
8264 423
2233 3425
4753 4630
1791 8198
9448 8558
1036 5280
1439 6288
9182 3747
1528 9376
8883 1583
5698 4516
2558 5346
9020 9732
824 7742
2078 316
1364 580
32 7741
7452 6539
6289 4657
2693 1446
6681 2845
8334 7805
2616 636
498 3492
5084 9921
463 5848
2495 9706
8825 9591
2653 5667
46 7538
632 8446
4593 8565
637 1653
8900 6514
9393 2548
9019 5679
2373 4567
5147 1113
8465 2678
4934 509
7068 7404
9348 4174
3155 2896
955 430
9693 9833
9108 8331
6391 1327
3139 1250
8616 7450
2935 5913
3296 6347
1875 7871
9360 2358
335 4929
7857 5527
4125 3268
5503 9673
5089 1129
4927 9403
5555 1251
4390 9681
8635 208
3888 2357
9933 441
2551 3165
4080 3254
5547 1097
519 6041
5196 8887
3174 5072
5346 9181
8275 9786
6245 5829
5390 599
3753 403
9488 8722
9524 9429
7161 886
9268 8838
8084 945
4004 6878
2466 6469
1520 7627
2791 2406
4560 5821
6349 9562
1737 6662
2171 9620
925 7862
4206 6302
6401 444
7741 3476
5332 6772
1714 2448
1683 1628
8729 5660
6391 9893
7781 7229
1707 9129
6512 8054
8030 6280
1843 3683
9844 9266
946 3258
5589 1457
8849 697
3708 2307
4928 6083
9113 3238
3155 7069
5059 6224
3730 7047
8200 563
8838 3902
4708 3960
8437 5274
7040 5998
8264 8557
5091 8984
8164 8981
1922 8066
1300 4473
5167 4330
2739 9646
236 2636
8304 7949
5977 9395
7732 1455
834 7916
5555 9658
6334 5997
8923 6555
1664 7648
1665 1398
269 440
3313 3726
6526 4867
8617 8366
1099 7787
7538 7491
602 2836
8512 3290
5477 7463
3771 38
1245 3893
7181 5471
2044 7097
2357 2344
6208 5671
1078 4416
9819 1470
1495 7521
7789 2744
786 7461
4604 9683
7181 2401
4841 3559
1358 3922
4388 224
6357 9305
5496 6676
8778 7254
5961 3273
6690 4687
3416 5985
224 9612
5859 2457
2480 2784
8918 9823
6379 258
7673 9847
2448 337
3319 4692
5698 5662
9454 1974
2766 8591
4180 3119
353 9621
4934 2828
2550 5054
8701 5144
3398 4921
5998 9555
5220 7054
8775 1551
9177 7543
1388 2805
5220 7071
9937 6405
8558 2601
5829 5330
5390 7522
4423 4512
531 3450
2748 5233
6657 1549
2344 9200
100 2397
9125 6061
4176 6700
3815 2684
3922 2284
3103 3978
5499 5451
6424 6032
3084 5244
9569 2095
2344 349
6357 4975
8073 5026
1539 2812
2954 3892
3131 3554
4847 8570
529 8541
102 1844
4573 1686
3086 4499
1323 492
6090 4086
5325 5713
7732 1236
3554 4113
9030 9017
5549 2953
7699 105
440 5916
1596 5093
4111 8927
6776 1274
1638 157
8774 9152
5105 8829
9020 7090
380 5108
4169 3351
492 3043
9034 6094
3094 1869
9300 9598
3496 7911
130 7785
529 3969
8090 9845
9924 7393
1690 9946
7583 8530
8430 4685
5832 2755
3554 6673
7817 5926
6389 6714
2896 8442
6032 7448
6129 1597
7491 1863
4541 7136
7320 544
6313 8327
6932 9660
9442 184
3035 7478
960 6011
2757 6143
4402 9999
2591 3096
7071 8824
9837 3503
8149 5959
2548 4770
2307 2606
6810 3634
6700 2973
6298 8925
4083 1402
5453 6111
774 2258
3815 6926
3337 2787
69 6306
9917 5385
8336 8468
5591 3907
5357 2910
6926 3154
9326 324
9020 15
1583 4646
6135 6500
7535 9760
5901 7761
478 7406
7679 5809
2357 1794
2296 7526
4113 6876
4426 1789
2428 1165
4910 5889
7090 624
506 3827
1549 7527
6657 7057
351 8545
9874 4891
1843 1680
5853 2614
8820 176
36 4807
5541 2771
9152 6447
7206 1920
9962 8052
8558 7571
9949 5096
3385 3163
5855 8814
8559 3823
2178 8756
5770 1261
5453 1656
8548 3926
8820 3233
9132 4265
4745 4828
5869 2197
7630 7780
8455 5386
8068 8255
7546 2663
8675 7156
3481 5751
2605 1459
2101 4024
463 6836
9740 5537
8484 9532
2059 9267
3351 8678
276 9903
5059 9791
6245 7603
9598 8852
7853 101
634 2597
4932 3861
9604 4046
1597 4977
1892 9265
7279 6490
4144 5601
169 3138
422 770
2360 82
441 228
9926 8438
4917 8420
2775 5099
3009 8114
9991 7497
6570 7045
2732 9985
8359 6638
4362 1224
1733 194
3888 6889
8937 1897
5188 1425
2225 1301
7713 4812
9891 6553
6356 8906
5991 9294
8048 5674
5477 7566
2424 6756
6297 8576
4577 2915
1863 3751
3009 3228
353 4824
1823 4674
3567 9102
4286 3562
9075 4605
6603 873
4996 4714
2935 3410
7782 1537
873 6757
5674 892
7136 2400
6424 1668
569 8944
2343 143
6757 7295
6765 5316
3989 9677
9623 5304
6843 5002
2095 9479
1829 5443
3747 1477
5575 5334
4545 5217
4330 2384
3416 1262
6926 9490
6728 5553
9306 1313
6456 1561
1653 924
6267 9822
3889 4331
8211 1026
7584 7410
1172 5971
2158 4642
161 7735
1387 1831
1836 5124
8874 6091
5030 7649
5513 9001
6765 6809
6545 9142
3130 8195
5607 6629
3044 1437
7316 4783
9284 4949
8548 2236
8774 4744
3388 1574
9513 8451
5103 6371
5913 6832
8748 9577
6461 1109
7805 5121
8557 9674
1863 7727
6418 1032
7583 2027
2791 9083
6519 9843
54 1512
5054 4831
4880 6615
8530 7840
3712 666
649 3158
6288 256
9029 5625
1584 3240
6440 6202
618 4615
9380 1641
5914 2071
514 5581
2607 9003
5063 2905
1853 1618
7508 4851
3119 5571
9185 6921
3156 1918
9874 2875
4546 1681
4499 546
8818 4564
5740 5161
222 6087
7040 1801
2841 1751
5072 6509
3838 4941
6728 1001
1295 3042
3139 6792
6193 1158
5859 7264
5346 3804
3331 1577
2748 1803
1097 7724
8623 1995
2961 7666
4714 4457
1710 7475
5006 1453
9694 5145
6545 3211
3292 4808
2839 5057
6792 1835
6558 3250
9640 3846
611 658
1518 9820
9693 3026
2570 9381
6605 5245
1484 8063
6121 7855
6400 9855
9090 7827
895 7381
1608 394
8929 3245
7283 1306
6313 6824
1015 7194
9905 238
1880 3618
1843 8767
5346 7821
1512 4598
2067 1572
9284 5623
5316 597
8557 6325
1393 663
6589 2574
2910 4742
7538 2703
7110 5534
3901 7815
1716 6984
2597 710
9326 301
276 1275
5606 4219
9544 293
2381 16
5002 3148
3082 5918
4824 9934
7223 6527
4540 9968
3078 7964
3209 6451
7009 5107
141 9055
9690 1867
5984 6964
4144 3358
271 4468
9149 4617
6526 8779
5848 3041
3082 2464
7871 296
9549 405
2495 2460
5289 8343
9569 9435
3349 6153
1262 5475
4516 4032
2442 6608
4402 3826
2145 7083
9354 788
6627 2713
1920 9227
768 1798
4086 5149
2702 7947
2231 6538
3396 3556
3649 5750
5537 539
6087 5435
5272 6254
158 4465
9422 3132
4112 9807
2629 6877
3290 6101
8767 7456
3130 1832
8537 8016
1618 395
7919 96
6074 6080
6832 6587
4473 1699
6667 1440
2109 2705
2703 2982
6335 8226
3914 3137
620 5416
9490 7458
1915 330
8557 2234
5245 7902
6313 628
6127 4442
625 6870
8093 1430
9598 5899
258 3925
2280 9519
6220 9882
1546 2021
1209 9028
5423 8201
2625 7768
3669 4049
625 5329
1945 8627
412 7306
4661 85
4978 9419
3326 3077
2251 7610
9442 6960
2259 4487
4913 6989
3244 6082
2457 6871
4891 5182
6135 5378
1746 1527
1752 5539
9221 3360
813 9892
4913 8609
6603 7184
7638 9064
9555 2224
4909 1825
5196 8111
9694 7332
3133 748
5771 679
3649 5290
6795 6773
6401 8953
6325 4249
9839 187
676 8024
1884 1740
1161 6597
3844 4184
5633 6959
4131 3338
3277 8035
6672 7149
7295 2508
4610 2440
5530 2780
5963 2193
4931 3213
9435 4508
8331 5430
3155 6911
8042 142
4981 6122
4174 2157
1369 243
6500 8685
2771 767
3035 8620
5293 4616
4468 4026
22 9491
7279 3435
7252 6438
799 9066
1506 1975
6429 272
3631 4786
7004 9236
2171 5866
6399 3791
5274 2655
8631 7524
4360 4497
5334 9092
2262 7848
2772 5655
9600 9070
3788 1622
8775 8547
4251 1464
2113 2335
4732 1426
1875 1913
1880 9639
5899 8797
7526 6097
2833 7327
9381 7496
7430 2599
3791 6585
1358 9645
7768 4272
9454 274
5048 3102
3496 3695
8640 2785
932 4088
6408 6368
1539 7367
1551 5024
2217 332
18 8718
8465 8318
580 9474
4604 7775
1037 6367
2533 9275
2040 5797
3296 2290
4010 6010
1617 3787
139 401
7101 6510
4933 3141
3151 7202
8674 3022
5674 9523
5499 9394
5754 2726
1092 1620
5811 3767
9200 3467
8336 3803
1099 2128
1677 5975
7102 7884
7101 4359
8164 3419
8863 3587
3481 5315
2184 6647
8507 6845
2748 1947
2438 2174
5555 4942
6094 4570
3683 3941
3138 7454
8068 8047
6812 3399
9091 7579
9640 3205
5761 4118
49 3445
3906 4432
832 2468
6227 131
1438 4092
9417 4990
6660 740
8956 5143
3604 7758
7327 904
6209 8040
7403 7695
8565 7319
7383 2696
8066 7777
1712 2372
4020 4356
3438 3200
4815 6616
4253 2308
986 2323
1668 3423
3095 3629
9875 5946
4017 7440
2234 9024
4204 1508
593 2890
19 6243
133 9974
3730 4211
6032 3272
8558 1838
138 8354
1891 1833
5854 7814
5021 1697
3461 8474
564 3393
1641 2390
2755 123
4993 35
6876 5878
7264 2168
3744 5764
2454 7931
5848 6273
9627 5558
9820 7375
4741 6123
5742 7539
5816 5978
8452 6070
6921 3196
3576 7391
2570 384
8183 4406
1598 5509
1714 9777
32 8811
278 906
4570 7468
8814 3653
7383 9230
9435 7191
4206 9264
243 7870
9360 6116
8937 6850
530 6894
4926 1135
9398 6865
5316 5803
1737 5810
1675 2587
6379 3177
5330 3900
4640 3547
7734 6390
9227 3185
9924 5747
324 5213
9900 6952
53 5295
6951 8843
5889 508
7546 2279
1447 5421
1477 287
2966 1238
3620 3984
1081 4684
1195 2565
8937 4000
174 1185
4909 7564
6657 1757
6979 285
528 4761
8211 4119
9569 1253
2902 7472
932 762
8762 7124
9878 5920
6891 7961
7433 200
1608 4107
5555 1968
4828 7108
6774 1566
3306 8476
3111 3386
8082 4371
2696 3948
1474 715
4867 9370
8438 4200
8887 1233
762 5080
1528 2065
7229 3057
2859 3479
6509 1111
7121 159
1038 7755
1738 5574
7789 9328
2565 758
4929 915
6306 1
9435 6522
9064 7280
8093 4894
1254 2445
9639 4043
4577 1543
2534 469
7871 5085
4200 4719
2557 6990
3397 6290
2591 4188
243 1998
172 7633
4730 2126
945 5140
6894 7967
463 3921
5330 1297
7214 918
4693 4057
8852 254
9066 759
6408 6648
1790 2458
6812 4972
4402 2239
7264 6565
6151 2555
5544 2944
5912 4751
3196 1194
9475 2706
310 374
2910 221
1301 9533
8682 7748
6093 7927
6774 7595
8985 8598
7422 9719
8231 4823
281 6342
9620 6715
8923 9540
4730 1060
9855 6808
6273 7400
1366 2054
2713 4305
2533 8793
2932 2543
1306 6684
5535 1579
8537 2243
1941 8044
5754 3728
8273 1812
7393 2796
7819 9697
5147 5101
5534 8300
6094 7164
4900 2699
6091 1355
9943 2945
4307 8699
7785 1277
1844 9988
6877 4450
563 5479
5030 255
5192 4634
2021 9195
680 7088
6469 7495
9286 3323
4288 9101
230 7364
1127 1086
6844 4606
7731 3852
2936 8979
3798 5408
287 5595
6279 557
7371 7171
9639 2692
405 7838
5778 8588
9609 5179
5722 7348
5674 2412
1440 7488
2317 9986
9459 3019
6227 2271
3542 9901
3556 7877
6445 9815
1746 4721
176 4034
7246 1514
440 9051
5269 5266
6878 2786
4185 6713
7452 6046
4473 2556
4593 2967
7265 9789
7164 9911
1892 7921
9125 3973
3479 8895
9791 1427
8762 848
4086 2547
4577 2598
2109 5205
3164 1581
6614 4415
2882 1940
8887 1377
2587 3746
9115 9938
6516 4664
2614 1893
6167 7926
4010 9409
4281 8176
6715 2960
5090 1553
7448 3583
2399 1228
7369 6517
1015 4576
8883 8313
6662 2515
7161 8246
1364 8091
5213 3711
1374 4237
5660 2582
3559 7271
5093 4518
4362 397
584 7922
4345 6577
4944 9193
3196 800
5574 5712
8198 7929
1897 8538
4004 4117
3393 910
3714 3
5679 1895
5477 66
2154 842
5090 6584
901 5333
3043 1672
1189 4145
5954 3881
361 4554
1323 2447
6023 6282
3376 9898
6932 2351
5635 1498
1597 5865
7364 9856
1677 9178
8189 2937
1274 8871
8512 3422
9891 7386
7295 118
5926 1112
1890 2983
9948 8920
221 4524
1381 1573
8084 7086
2966 7205
5581 4666
2537 891
2694 801
3615 5763
3850 8350
3327 1273
7755 5123
9459 2208
9395 1318
2988 9231
4896 342
1794 364
4793 7072
5293 4042
9532 6779
7551 4382
2208 1428
4030 443
7857 5644
4188 8369
8762 4469
1895 9391
9760 674
4891 5752
9431 6576
5230 93
8879 3221
349 3800
3164 3692
9655 1910
7695 8447
4808 6304
1504 1048
139 9489
817 67
6762 9309
3108 3689
9596 9993
9178 5187
6559 8865
296 2930
692 8653
2397 1951
7625 2486
8979 4256
6389 6259
5214 6785
1047 9175
1464 7308
1930 5296
9140 6520
2448 3956
7047 3431
8860 5546
1651 7914
498 9679
4256 5067
1038 4716
7800 3516
9024 4009
5316 8379
3892 2099
5795 3759
8723 7304
8574 4458
270 7002
2387 7900
8369 37
6720 7474
1297 5172
3716 3045
7164 8683
5436 552
6151 6965
4977 1982
4253 6502
9163 7137
3258 104
3224 5743
7334 8028
5006 3704
4708 5924
4502 6971
4432 4008
9596 9670
3169 5119
1410 5578
6279 8321
7637 8885
1352 7116
5855 3849
6240 410
233 8238
4426 6929
546 5455
674 5824
813 2267
4628 8884
2987 2869
5582 5894
2790 9863
3987 2920
557 7361
3419 4995
2785 6689
9683 5885
361 2624
5632 9756
1751 95
8052 1769
6468 916
421 7073
8221 2005
8028 6586
3901 484
2842 1730
9142 3632
8884 6991
9993 1815
6878 7199
3562 5939
5750 2066
516 3400
2438 4740
3357 6387
2458 2788
8138 1052
7927 1307
4288 5498
7862 3310
6545 1988
2420 1091
5329 2965
7714 3160
2349 9427
1377 31
8006 6540
4307 3796
4135 4873
5679 9648
2362 9829
4373 2759
1853 2122
9943 2261
1112 8519
7781 7653
5296 4799
8683 8065
9549 68
4719 2925
3711 3979
9938 9259
267 6165
7535 9170
2851 9434
3133 5209
4270 1911
5824 3848
6870 6199
9820 4935
2911 8287
7377 5287
3318 1693
4176 348
3788 7288
2911 8324
4782 1516
7857 6550
8701 4739
4941 6494
9986 4003
3399 1657
20 4257
7406 4534
6080 5480
2067 2619
9874 4778
9292 6506
4409 3783
6290 1119
8537 2829
3445 3813
4271 7093
54 9932
2759 4622
584 5429
3906 6723
9394 5982
6587 5710
3467 981
5960 7592
8391 1303
728 6722
6465 9992
5433 2660
107 6205
6151 1529
5435 43
130 338
2344 2651
32 815
6129 622
3647 2150
4851 5851
4316 7688
7807 7517
4664 8568
1730 4421
8231 7759
2856 6291
2648 8132
3004 5261
9430 7533
3002 4897
9459 1781
7214 5506
8309 6573
5471 9542
6151 2376
4171 4591
7731 2855
5435 3789
775 6226
1470 4509
9539 9424
5851 9666
9941 5613
1364 7095
4064 9293
2692 3373
6090 9302
2088 7618
3496 4263
3865 9817
3296 6928
6538 6477
7755 6801
918 4413
2440 399
6514 548
7621 4548
2184 8672
4598 7676
1026 9714
6801 9352
36 7559
8559 6483
5747 7242
4793 3062
1213 2051
278 6444
1618 345
745 8881
2197 6415
8470 1569
2263 5042
243 5652
2882 1932
82 3792
3615 4147
5961 7180
4524 9272
4831 2730
4668 4045
6812 5185
2005 8711
749 854
1357 2815
6113 5129
4949 3935
5407 2588
2773 1232
2739 6645
2216 3300
4851 1170
4979 488
2694 9341
3635 7024
1568 8736
2208 8768
4072 5379
5854 7340
6514 4506
8541 6168
3154 3020
5812 6567
130 4242
8474 5836
2492 7631
4265 5391
3614 646
7393 8784
1228 7275
6103 8444
3926 3454
5771 9223
5292 413
1803 988
6366 9192
9091 5100
7391 1745
9375 7173
5149 6815
6878 8236
2730 474
2625 6403
7423 9745
5030 864
9760 8556
1308 9187
4107 1954
7541 3858
1598 9105
6795 4572
1229 273
4836 1191
6180 2656
9203 5359
5503 836
7648 9678
7630 8184
7541 1766
9802 3723
8167 2250
6901 5641
9429 6315
8852 9691
3796 8809
1651 8975
3397 2229
5848 9560
1845 9797
1995 5068
9588 8587
108 7665
1529 7192
7110 7951
8419 1018
6451 2919
5426 600
1767 5767
9075 6004
430 4912
9673 356
3130 7996
8507 8291
237 8348
3281 8716
4616 1400
2054 3379
7770 5125
5429 8666
5090 1600
5954 7941
7821 4365
2092 9710
8507 7620
3238 8781
149 462
9741 8803
7169 8727
4325 975
3730 9224
6097 4115
1175 8449
8601 8128
1711 2000
2236 809
8209 6433
1904 5645
2842 2043
230 6499
4186 976
1075 7464
4442 8388
176 326
7805 7131
42 6551
9105 3092
5954 286
1300 7689
6651 9315
1941 7277
8218 6146
3685 5041
6538 2423
4978 2895
6132 5646
7252 3552
345 7512
2703 5516
330 7876
5230 5838
1686 205
273 8251
2109 137
2027 9346
6447 2237
8609 5166
9212 3251
4034 984
5322 9585
6389 4153
4442 964
5443 1780
4545 3203
6371 7063
6589 9749
1123 9925
8717 7642
6773 6743
8648 7844
296 5464
4113 4562
1546 4179
5158 2576
6577 2721
374 9117
9833 991
4286 7344
5088 8097
1455 9505
7729 2924
4660 4267
9224 1898
7190 1925
236 5437
105 871
3651 1324
7300 5820
1093 4898
3272 5343
6069 7550
9975 1492
2384 9614
8548 4663
6167 6454
2823 1356
293 1325
5848 6621
8962 5794
8927 9278
871 3406
3500 1341
6080 7586
9588 7574
4020 7656
9358 1957
8598 8856
2813 3779
5704 9290
8151 6560
5033 7856
5978 7723
3927 4760
9788 3697
18 5709
1384 3541
1031 23
3300 5070
9451 5432
5880 352
9645 3750
4727 4890
1790 4414
6376 359
3240 9755
5939 1965
9666 6806
843 8109
7252 6343
5325 9522
9712 1171
1104 505
3111 9857
6573 2996
270 5058
9514 1552
8073 2403
7347 5850
2174 1851
4788 6473
7901 7193
9108 3311
9892 1155
9875 199
6648 1006
2594 2943
3570 4322
395 1179
4184 7766
7777 9633
2109 4405
401 2353
8369 8980
2935 7576
2823 7236
9578 3525
6298 9074
7566 549
8851 6623
1832 7157
5829 6362
2570 7155
5499 3429
8021 1813
5440 2715
1047 8622
8082 7990
9568 3369
9646 344
217 4791
9295 5394
4770 1019
2099 280
4610 2226
3647 9632
2710 9593
7190 7917
5985 121
2784 7747
6714 8528
7116 4052
108 6320
8138 9161
2428 5843
7761 7852
9719 1758
8981 3489
9380 3967
5595 6942
9259 5545
7714 8454
4810 8763
8287 5320
1109 2147
9490 6126
3186 6601
321 4765
4057 4585
2950 1485
6168 967
6489 3886
817 1351
6019 6428
8945 5467
6415 9037
7396 1631
1253 4645
1351 8878
6714 1144
4376 4019
5879 5146
9483 2363
6516 6497
5866 8510
1427 4173
7921 3443
9645 4013
6320 1231
2780 3539
7814 3295
3041 5874
1406 5039
3556 1883
6603 9119
5287 7698
765 7267
7533 4594
4684 6696
3364 419
9721 9153
9514 5830
7312 7309
5571 1800
1415 2575
5714 3497
9028 4750
4487 5958
7914 7906
4944 65
8539 7408
3492 6919
8627 5073
4897 9916
6023 6840
8367 3128
8103 9832
7490 7109
7190 4452
9791 2038
8484 1490
7319 7258
5913 75
824 9251
715 4321
2101 2765
9300 2037
4237 3432
5571 4759
8985 8705
1377 6448
7348 9025
3697 1115
6102 8901
3147 6467
1632 209
3024 7466
9971 5876
8447 2914
7164 2483
6092 1703
1457 3110
3973 2886
7630 576
2696 4800
2729 3404
7316 4077
4045 9509
5145 9337
7827 5009
5296 6969
4160 6909
6952 1996
4533 750
3066 3401
1718 2032
2307 8880
4602 216
6090 439
6226 3345
3256 5082
7821 1877
6545 3694
3562 3578
1466 6607
9177 3080
7046 3246
8729 3036
3031 3343
4426 5727
1047 8237
549 6336
9086 52
6555 3264
5379 9572
1628 3377
7400 9253
1783 3506
3870 9046
8275 9174
118 7811
2480 3235
2836 5337
3779 190
9734 6211
7068 6754
2171 2369
5698 1874
4540 9762
6911 1180
4843 9669
3345 8583
1144 5857
7396 2888
4416 7885
3265 360
8962 4904
7627 9715
1832 847
6890 9994
7162 6269
9991 9816
5184 317
5231 7575
3685 515
1227 8586
5771 4250
1033 6375
2672 5719
4320 5897
5320 6324
6497 6260
5835 7281
7330 8842
2067 5126
8666 7455
430 8045
3297 89
9305 2242
2262 7216
5609 2717
9501 4669
2856 373
8928 2496
6891 4587
6517 6701
8902 8491
7393 1927
2099 1614
8176 1623
3055 621
768 623
1915 3937
5089 6618
853 7352
3043 6457
5073 4148
3423 350
344 5218
6165 9072
2500 3000
7169 7957
2095 4989
7026 1878
4948 1958
2967 5376
8666 7581
2457 6761
6437 1005
389 7123
5117 7428
5586 7531
4116 6064
9358 8867
321 3307
2766 9708
2780 5562
910 3359
6273 7050
8082 1989
5287 8663
8028 3932
6034 865
6990 9043
2932 9401
1005 5628
1441 8994
1113 7141
7206 6613
2702 3766
4564 2291
6306 9842
8748 6950
1957 8679
6899 1136
9971 690
8305 588
3861 5150
5794 7015
2407 4557
7423 4826
8771 9082
9086 1083
5513 1810
3833 3765
2014 2272
7512 5164
3268 126
7041 3170
1797 9608
7718 7337
9249 9156
3040 5945
9153 7965
3373 8371
1260 3540
9434 7302
93 9210
356 4964
8148 275
9802 9412
2472 3011
363 6238
7630 2707
9294 3335
9210 4482
4978 4491
8331 6124
1906 4644
2226 6688
7377 805
3728 938
261 1208
3694 3237
1368 1612
3516 7803
9355 6398
806 9389
5514 3073
5874 5517
8095 3676
1703 9228
2476 4547
7068 5505
8114 6571
6545 387
3783 3427
6662 5922
509 9371
5691 641
3244 1343
7108 182
2972 4819
8568 2620
8538 4811
255 4559
1733 291
1737 2861
9129 5412
2128 9357
3165 1139
5315 6678
8443 5858
104 6994
8009 1480
8350 7743
876 9879
3233 7158
8851 5476
7863 874
8321 7910
8028 4883
1716 9477
4567 3395
3196 6196
4544 9812
8097 1621
8109 2630
1878 9810
2706 7177
4117 8656
3432 5174
2888 2130
3669 2883
5052 695
8419 8441
7427 8199
560 8741
4541 3219
612 5935
9762 7828
6894 7984
1653 8144
3647 3718
9058 1594
5089 6370
5209 4444
9845 5841
76 4478
4288 3769
6870 2819
3247 9026
4792 3175
5500 6883
9153 2690
4407 6988
1260 1591
5750 6365
8871 4583
9907 5120
904 7480
2780 1319
8863 1143
7327 6027
9191 4954
965 9022
4548 5331
6348 9243
8061 2112
5250 3034
5296 4712
5957 111
3941 214
634 4467
1440 8800
6238 3867
6497 6759
5984 5906
9210 1401
7607 1282
2424 7646
5298 7373
8223 6530
5130 7247
8090 5715
7247 2081
1275 3836
5516 3550
3987 9594
623 5007
9659 4289
8723 8770
7698 3679
6071 8553
4506 7305
1651 7007
1261 5113
6497 1028
1843 5504
5143 9758
5245 4930
7491 2255
7539 6206
98 4027
302 3598
2629 5560
2796 5683
5050 1808
5496 6532
8063 4140
5700 5204
6850 7645
1351 1648
4242 8216
5921 5347
3676 4682
1426 2064
8616 7986
5174 1980
621 6464
5935 4166
4281 8795
2407 2161
5024 3916
1566 151
4497 2196
6517 5387
5386 5268
5635 9098
9810 1288
9064 3658
1941 605
1323 1824
5107 9502
8887 2795
9454 1448
8055 3962
6886 1241
485 4278
8920 5779
4206 7895
4693 8404
5145 263
7911 4221
360 2762
81 7282
6348 6081
9502 2686
8617 1422
4783 3628
7180 1131
9741 7753
5532 9484
4206 6817
7014 8947
6356 1650
9838 3428
6715 1117
3209 3977
4775 4445
6715 6108
7986 6822
5537 3721
3539 409
6362 7776
1231 1198
687 1688
5421 55
3615 84
6080 8955
866 9828
2262 1183
6809 8310
8710 2368
6893 2922
6365 5281
7406 9836
1895 6270
5130 7000
6662 6957
5063 8573
7963 2728
3759 5077
9295 9969
3960 9885
8319 9739
6684 5075
8545 6425
7252 8526
2379 7570
4383 1079
3177 1599
1355 290
6560 7974
5089 9840
9193 929
4909 2623
8112 2060
7729 1316
3158 2585
775 9781
5331 438
1245 1939
3923 8269
7410 8751
7770 9057
1091 8934
2861 3220
3277 8169
2277 4710
6563 5078
1303 4386
8443 48
8161 7020
9137 8473
5821 6897
1135 8267
2233 3611
1980 9940
1537 648
1911 9636
8984 5766
1648 5466
9690 6021
7281 9830
6023 2633
7190 6353
7575 2165
1402 2998
1424 2465
4497 1720
1680 9780
93 5066
7947 6534
8438 3249
1683 1070
52 6105
2136 1473
7921 6384
2910 260
9693 4650
5061 2324
4891 5643
7354 502
1275 3968
9055 5228
2998 5010
7312 3521
509 9728
6700 6849
158 8964
2703 4150
3425 2749
7439 2346
9401 9559
573 6999
2161 1298
7000 2976
7304 701
3405 4493
9578 3239
9811 8107
7004 2276
6792 3561
9483 8244
352 6513
6672 6944
7526 122
2421 6251
7550 8584
3922 5323
1232 4252
9621 2232
1940 9218
3154 5993
5907 6307
85 5992
3174 3017
2966 9460
8925 9914
5266 6997
190 9965
1610 2374
6944 8261
4645 2484
216 2745
4057 4210
9520 4780
9540 8689
6559 1264
4598 8890
7621 9888
3357 2444
5727 4734
6754 5737
8634 7804
6004 6646
8313 482
1746 2608
3041 3378
7256 3389
5747 1035
6577 8067
9749 7170
2767 4496
1406 4861
1064 657
4611 8961
7861 1694
4288 5726
5980 3453
2525 2677
4214 7442
2112 8921
5164 6741
3723 6018
7054 6931
2803 7186
7495 3486
1539 793
5514 7534
6806 5410
1794 8034
3979 1962
12 5301
2717 4224
7061 6580
895 2873
3784 7585
5918 7213
1980 5990
2316 5694
7430 2794
1762 4190
1233 8181
1297 3735
3224 8758
8900 8582
2983 3442
6168 9232
2911 8071
2369 2256
8296 3610
6181 3104
9102 1429
3073 7349
3056 6212
7261 1725
6757 1050
4739 4504
7070 6695
7377 677
7626 9151
4088 7444
5714 4690
3154 8022
515 3593
9034 6650
946 7039
6932 3862
6890 5114
9721 8075
1183 5364
3647 9960
4898 5707
2384 9548
9029 8087
5287 8431
8238 977
3205 5583
8851 1140
4685 8262
8686 3672
3000 5442
2376 4028
6335 5658
916 3938
7391 7084
3532 9831
1441 4735
2972 5696
9119 2770
6990 3001
6845 8397
7383 4637
1851 3514
5250 8782
4861 8330
7603 6669
6408 4970
8099 6524
5052 5630
8396 8
9666 3706
3255 3845
1005 5358
5623 2984
4932 6783
9417 1588
3711 7402
8372 4733
4508 9481
3503 5844
2262 4805
387 4749
6688 9172
7946 7765
5292 8840
6576 2985
6822 8694
3382 923
5726 5225
4167 5717
1406 9792
9253 181
2562 4655
6760 6966
3676 6528
6959 6089
5464 3374
3115 6856
9509 9952
4214 5653
9071 9956
8099 8822
7817 7972
8618 7915
6245 4678
5740 3919
8751 8126
4238 4842
4516 9045
8981 6057
22 6863
237 678
8929 3105
1473 9478
4559 2639
3679 2432
1183 6200
2551 3381
7863 2007
7495 7001
9460 9511
317 7762
1801 5605
8067 1291
5426 4041
9942 2264
6973 4394
7428 1926
363 3194
7475 6721
2157 6752
2842 855
8073 8008
6522 4178
361 5137
5182 6095
505 979
2572 6431
4665 7978
6965 3052
8820 8418
8186 1953
3583 6077
2225 5640
9540 7682
7604 1385
3928 4084
7575 4724
3911 8911
4897 2955
7586 3645
7478 2797
5142 1637
9315 2159
3960 7663
8694 8868
1898 3749
1668 3758
1867 7341
8255 3315
325 3361
3297 8229
7656 2203
7526 711
5360 3891
8584 6708
2677 6834
6069 9297
7489 9304
3540 8247
3948 7772
2735 8992
847 2634
677 2544
5041 6830
1047 4400
9349 5460
4140 8434
4144 6725
2400 4436
7642 9263
182 4151
9820 8972
439 5148
8809 9516
2588 2754
832 1160
8260 4695
8697 1616
3154 8311
5467 5716
7377 1242
5460 9981
1353 5753
5416 4419
4770 2449
7252 7525
2465 5401
1569 7939
9934 196
8732 6321
4251 583
3202 2992
4370 9861
5770 1619
9956 2975
2605 1735
5742 4779
5006 6242
7326 3816
9523 5656
6339 4529
8672 2852
297 2418
2454 2192
1939 5447
9812 9217
697 8504
5611 4055
6952 2431
7246 700
3804 9301
2605 9332
9535 4694
405 5368
811 6775
8345 802
8181 4417
1298 8041
2128 99
5301 6637
7312 1137
929 7351
514 856
7639 6171
9190 3793
1224 6040
3398 7262
9604 9274
9251 803
7497 7873
4823 294
7085 3409
6365 3275
6889 8777
3930 5600
1377 3088
3393 1057
361 7668
3989 476
9181 9480
7110 6749
1980 3519
7732 7146
1751 4285
3746 24
9517 80
923 2164
3186 6053
3816 5291
5578 5805
3238 4503
1400 2734
4682 2561
131 7062
8382 8285
4077 4298
4640 4056
8878 7128
7199 5318
3094 3152
3765 1722
2250 7705
2158 8171
7732 2190
8273 6354
1746 9216
5816 7345
5379 2542
7723 9372
1364 6935
7333 8976
7157 9702
8035 4375
5514 2306
7305 3982
5675 2872
7576 5109
9 2419
6219 1267
9318 7726
6238 8274
488 4222
2703 8143
9481 250
576 8862
9304 9851
8084 8312
342 5223
476 2320
9840 11
4037 6816
1267 7374
7575 4755
5658 1659
9952 2798
1400 7953
8195 2395
4176 2223
224 7106
1906 8241
5456 3146
1139 5981
4990 2711
3922 6710
7155 9742
6219 7189
4494 2030
1606 7012
5443 4790
697 8554
7838 4235
1875 5339
126 5404
6966 3353
1051 8214
9699 3485
9489 722
1695 2341
8548 9616
142 7899
5268 5861
3092 7529
6563 8272
3706 2103
2630 1555
9077 8728
6056 9695
5835 7259
7777 6134
1160 3058
7376 2188
2748 2870
5907 6463
1335 6059
3192 553
9829 5827
2936 1290
1945 4818
1174 4105
2565 7983
412 284
9420 9877
3647 6316
5408 7227
7989 2354
4587 3775
848 1431
3486 9954
8585 1724
1208 6755
2178 2718
8846 4099
1688 1889
9990 6409
4637 6798
5063 1795
2715 5731
4554 596
1965 9413
9505 729
8848 4138
2233 33
1594 97
3119 5309
4786 5702
5332 7196
3582 3931
1295 7225
6077 5459
7191 5488
6218 974
2955 1255
6876 3530
6080 1796
563 6803
2693 1486
430 4312
9951 8001
9937 2618
4792 7437
2438 4596
6615 9002
1484 2578
7864 9711
1495 1103
3928 9440
1424 8590
3881 7135
8616 1726
3803 3786
6150 7773
2263 9087
2693 3841
36 4282
7806 698
6623 4700
5166 385
1306 331
3175 282
8023 9795
6566 5798
9900 9984
7054 5896
6069 4609
4929 7833
5613 9159
842 2831
3889 6709
1892 2989
6209 9930
4730 6742
5850 7398
9954 9080
7538 4297
7271 9256
1508 3527
2819 5940
6879 4999
2932 3703
4928 4635
194 4039
7538 2959
2784 7891
5703 6063
2145 3546
2438 4395
2251 3333
6514 4168
4880 5989
93 6381
2715 5277
2158 2375
5529 3961
8598 2336
5835 3079
1241 1609
4289 4355
1699 9584
3852 780
7917 2024
6356 3994
8138 7880
2944 5053
7158 667
4369 5275
7192 2541
6850 3673
4767 1159
7271 7560
7015 5949
6856 9385
7136 6918
9621 532
745 4462
1566 1166
9943 4918
2193 4259
8951 3252
6276 5327
3156 6680
4894 3966
5514 3225
1797 4536
374 5917
6594 1141
8843 9363
6944 475
7726 3248
1648 1496
3345 6652
3754 1481
2598 8536
3948 8059
7123 709
2585 1842
8453 8135
7917 1826
9098 9751
2476 8624
7191 3440
706 6907
5836 9935
7555 2348
8782 9123
8718 150
1859 3857
7828 7006
3149 1345
6672 7459
1951 2640
8073 8522
5844 3462
2757 252
5814 8859
5225 8497
2242 9998
4917 4449
6440 5933
9900 1332
9562 7144
6572 1311
8953 7160
3079 2644
7584 4558
759 2807
5231 4522
6061 6733
8214 7163
8097 1700
7604 5638
7719 5554
6573 5297
6863 5495
2694 887
7917 3199
5591 905
7071 7266
7073 6225
2078 7851
4355 559
7459 3129
3496 323
10 6628
8272 4339
4788 5867
4998 9319
7922 7650
9938 7703
6801 166
8454 4854
624 3605
5130 9899
7526 3157
7668 4804
1672 6114
2936 265
7495 3741
7044 6293
548 3839
3224 8899
8251 7874
7433 7750
4995 3023
143 8032
710 4022
8778 9607
8366 8389
7014 9603
8446 6204
6899 7674
8338 5642
5442 5634
7645 9340
5065 2741
9440 5661
4560 3018
7864 9825
2143 3081
4661 5564
4805 1043
301 8415
4522 7031
7439 445
42 7122
3209 4218
8727 7175
9210 7299
7002 7022
5792 9469
9742 1935
2122 2339
3936 6144
8926 582
1780 1973
3651 4437
7649 9321
5175 192
6335 2104
6105 7064
8885 8791
2509 5229
582 7661
1816 3761
9926 7784
8108 1865
9734 9167
395 8364
2217 7997
4949 8903
7108 7126
8869 3029
8064 8916
4667 1763
1180 3046
4499 8606
1161 7078
3770 6183
5820 9963
1054 7588
1636 9579
9511 5222
9988 7843
9791 9426
5638 1373
7625 9870
8366 4488
9153 5446
7501 1235
5068 9654
7195 2098
1238 8136
8736 2884
690 5579
1874 5614
2158 8222
2818 231
8241 719
8327 56
2164 5864
3803 4830
3968 1173
3163 2857
1898 493
7807 3594
4614 2581
8267 7390
4250 6947
2044 1764
7070 9106
7144 8513
8588 5452
5963 819
403 9713
5320 4542
6074 4120
8932 3874
8536 1493
9455 2940
7007 3451
8260 1629
1842 5580
102 8332
3577 665
7437 3951
8578 6374
6150 4048
445 7276
6211 1535
749 3039
3202 716
2143 1382
4437 9793
1495 9722
5323 7023
5416 1736
786 5983
6192 6402
7199 9111
5747 6030
6840 643
6709 9059
2721 4067
6083 1524
1797 9103
4116 8894
1191 2463
5614 1128
1769 8464
4238 6917
4668 2304
6538 7018
2059 1753
7910 9565
7215 1068
7121 2396
596 1739
4697 4653
5123 3536
1226 8523
2111 4389
625 9021
1105 1786
4975 9872
316 5028
5166 2405
7280 1774
2233 1908
2653 642
4657 613
8598 4648
36 4923
6341 8652
7011 1237
4305 9497
5128 820
7194 8517
6308 5775
7648 7971
650 8858
2544 9114
5407 3859
7770 2793
4395 467
6657 1378
1668 2200
7853 3682
1788 3109
4034 8159
8367 8692
6167 4159
7422 4723
8781 3905
5516 8170
6742 7329
6856 1243
7386 3847
6349 8709
2239 4408
5767 889
624 215
6877 5178
3057 1269
5334 386
4589 6214
2425 8909
6577 3885
3936 1964
5204 8566
3233 6529
1355 5112
9845 8079
2158 8665
7742 6674
9994 3965
3018 9841
5974 614
2548 7290
3219 7249
6219 1219
6979 3837
8418 347
6755 8498
2215 4599
8170 5592
4376 6239
3137 2493
3401 479
7304 8619
2677 2652
1327 9887
7317 2257
5000 1463
867 5813
9877 5856
835 9966
3423 4641
9272 1587
8241 5283
8044 9131
6320 3330
4159 5956
282 2737
7312 4752
5332 5973
5440 6166
6839 4902
6061 5875
7293 9308
2263 8392
1980 8657
8657 4535
5683 8365
1255 8488
2730 418
5026 3162
3075 2918
1474 8603
6206 1708
5778 9279
3857 4197
8723 894
3151 3662
7088 8613
2998 9365
8177 8654
4645 7239
3252 4132
2171 3908
7877 5619
3723 3727
6950 298
42 7510
1085 4094
9284 9868
9898 4152
7309 4065
7663 6386
9870 2020
8565 8157
7456 7087
2120 8461
5346 6546
762 6671
9924 1513
4868 8810
5855 4803
2349 7059
6167 7672
4211 4621
4721 6898
6496 4961
1898 7415
8247 3724
6773 9589
9750 4096
7833 8271
8065 7590
6415 822
7642 8466
5341 2957
331 4227
5495 9590
9172 3013
476 5629
8369 2117
4088 3439
8605 5636
5498 7740
9719 9135
6307 5083
6143 6617
6819 962
655 1312
4648 457
9259 8808
2231 1601
1610 4769
1668 2129
5906 3195
7129 7470
9679 3197
5433 8076
389 7605
4376 8552
2788 4283
6782 9331
5436 4528
6964 944
9401 868
4046 8993
5101 1544
4559 8581
8271 4434
3967 2637
4890 7597
6353 9864
236 5936
5963 9798
6737 9955
1206 400
3238 6903
6839 7094
8044 7945
3687 3637
4570 1750
9568 2994
463 5687
1599 731
7525 2429
4408 5248
588 550
8430 9382
3386 9247
6353 4124
4206 7358
7084 3971
4545 6735
6049 7652
5126 6140
921 9796
6463 2720
2379 6331
6454 2908
729 7416
2693 6799
349 4581
7009 309
9872 3795
5645 1102
2012 7799
9159 2822
8231 5590
886 5738
2290 7107
8805 1976
438 3452
1691 3266
4297 5596
6713 2846
9672 2462
1191 6423
8272 3996
5390 8298
5331 4774
1038 3674
3865 7115
9484 9759
6782 1671
7351 4170
4010 8015
530 8651
291 4114
3464 1278
5761 8532
7302 7849
3788 6591
4854 3560
5923 2334
2188 7130
5816 5883
3406 9799
3650 4715
7642 2688
7124 8650
4783 5593
3095 3010
4817 4907
3398 4102
6403 9353
5222 8228
2395 3098
2734 1635
3335 9432
5701 5095
159 6344
6371 3642
1078 8569
8313 1817
813 778
275 61
3165 1379
8095 2102
3901 4711
5674 1903
1236 6453
8874 5695
1394 2303
9389 5597
8128 1055
2318 6250
1908 5650
5695 1214
7941 4988
4169 2319
4117 3392
6427 7795
3511 1919
5549 7979
4932 327
1967 3229
5228 4821
6756 693
7548 1728
6792 5723
8231 473
4803 725
1131 6106
9802 1682
1975 7905
5766 5911
2037 6913
8221 4953
1738 7048
9370 3117
331 653
3932 1062
2032 3903
9134 703
5405 8596
5337 3958
8653 9344
419 154
1957 3688
6174 8939
7784 1196
9071 1138
1957 1643
2431 4016
3594 9771
4542 4869
8649 1167
2576 9296
8811 6536
5077 6015
3577 8876
805 1662
9518 640
1401 5493
7621 6152
3937 3187
2406 1605
6479 6852
8016 3869
1584 7183
8225 6388
3928 5022
2448 4340
5558 1184
7590 7733
7470 959
7430 2441
231 6945
7742 9657
1055 4985
5993 7834
3676 4876
1481 461
6757 2270
7387 491
5539 4127
9677 6626
5662 5777
3418 1834
8583 5895
5172 1770
3662 712
9083 8861
8585 8203
2836 6841
399 1985
9905 7836
7128 7999
7213 1405
3405 9996
4508 8483
6308 5871
5777 4427
1295 5483
4646 3799
5432 4454
7165 140
2065 5891
1406 8712
7538 6178
9645 4825
4941 4671
7254 5035
4818 585
888 1212
4711 7154
9830 4301
2831 6554
8286 6460
7926 5092
5027 9909
3837 3592
5367 1627
4752 6491
3277 13
6919 7075
7770 4189
681 1056
8444 1148
7655 4513
9025 3555
1378 3070
6151 8049
8852 6478
6150 5902
324 9093
7063 3394
3823 2252
4171 4940
8364 4090
3199 2180
1835 7959
9677 1442
403 6747
7631 4743
4415 2649
2066 7166
5700 8429
1223 1058
6990 6120
1102 5966
9981 9525
4854 7114
1937 6228
6830 9338
4056 3586
5681 8494
8909 6515
4016 6744
2458 5211
7410 2540
5426 8037
9177 1850
9475 6682
4493 3350
3530 2326
7624 8162
5205 4223
6572 9061
1131 574
2653 6732
2027 6992
3771 2402
7652 4202
906 45
2442 6561
8860 2001
1849 5115
2217 2569
4273 6117
9719 752
7723 6207
2588 1934
1410 7635
6479 7545
2648 4899
552 8904
1891 7808
3401 6505
3902 3524
7535 8912
3265 6406
8109 6916
3826 3736
3692 3016
9227 5177
1956 2049
243 8207
4810 2981
7416 2761
5330 8395
5977 1152
8913 9316
9480 7201
4386 7476
6965 6934
3331 3100
976 8187
8694 3107
7095 219
8308 3093
108 4264
7656 4638
7729 8303
7160 2600
5149 1013
6901 2134
9636 7711
7513 1732
2998 6169
7608 8942
7158 1002
1622 4980
2232 1169
7583 2002
3647 88
9990 5877
2161 2388
2684 3030
6094 2132
4630 3660
7855 6378
9483 7346
3117 7720
5785 3745
3330 5300
6573 6100
3962 9254
1951 2991
9516 5733
3716 7188
172 7790
6737 9186
1127 7557
4692 8514
7689 4404
6529 6452
380 645
3019 7234
3902 7132
6260 6393
873 6029
5178 3322
6667 4429
5264 5870
6243 283
5707 5862
9395 4123
7876 6480
3164 6923
2129 6814
6219 3069
1428 7451
3676 9545
5753 1830
1516 9255
3004 651
2060 5029
901 7185
49 5515
3783 5928
7512 3690
6565 5181
7698 8950
4985 7582
4934 3076
1405 2478
1956 2140
5716 8499
4715 304
4465 718
1711 1045
1647 4600
9275 9675
1313 4061
7173 2986
5628 5338
9325 6781
1056 9155
8164 8053
4027 996
5434 7822
488 2769
6265 5536
7070 2843
9614 9611
1878 5076
2103 6787
1930 4855
7295 7172
5178 5365
9407 8628
9407 6062
1470 6884
2036 4198
4020 2189
1191 4196
8449 4446
1650 6278
48 7920
3672 3355
6218 746
5748 9904
6651 1652
7337 2378
5466 1003
1274 607
4760 7943
1341 2474
4761 3589
2873 8572
991 3564
1720 4527
706 9605
104 998
4988 9154
6219 7569
8931 4266
1801 2742
4206 1955
5775 7562
2563 4241
962 3087
4978 4172
9830 1220
6405 2743
7026 5191
2613 2763
8759 9613
8186 2052
6400 1320
4867 9405
4202 9688
1722 5418
5546 3050
8869 5097
3374 2874
5138 246
2652 9303
549 5507
4750 3478
7185 9504
2331 6588
1290 3188
7861 879
3956 6332
3251 306
4345 6443
9417 1108
3449 2356
4769 7912
4440 662
5344 2904
6607 1154
1850 1706
3694 1107
7165 129
2178 6939
5536 766
1219 862
7416 8078
6994 8020
5316 2467
9879 592
209 1390
8824 6002
6102 202
7772 7066
6353 829
254 5193
7166 4613
5042 511
7057 9194
6319 116
5316 3755
8701 2409
4811 9883
3716 1190
4138 6327
6222 4699
9363 1469
4831 2074
9395 9995
5134 3531
6406 1602
2625 6982
7000 9889
6042 1661
2199 4082
4810 4958
1823 6252
2444 4859
1233 2392
2234 1554
3464 7854
2718 2156
8878 1545
4132 4888
6307 2849
3255 6705
352 9602
5539 4795
7175 262
9101 6666
8218 372
9816 5521
6437 8448
9877 6317
6178 6654
7386 2107
2663 3217
6894 5584
2630 1073
8255 79
9516 3535
8522 4566
8181 1687
4151 2510
5918 2667
8665 4489
6265 8450
2582 4093
7074 3159
5896 8534
6389 5389
6872 3590
5829 4352
2815 9980
9837 9472
5435 540
2112 9329
5532 8074
7390 4866
3416 7285
6126 179
1537 8798
5375 9324
4419 670
5281 3565
2591 3285
8722 9858
1355 1778
3672 3127
1151 9790
3440 6359
2038 8299
8157 6556
4150 3670
7361 415
5085 2838
8312 7150
9857 5548
4821 6609
3438 6937
4615 4538
4241 7499
8838 6446
2494 5598
133 7168
2663 6115
5629 8363
9117 7357
9137 1046
1918 1761
4295 522
7214 6044
8075 9574
5423 2139
6812 9209
8386 2172
5189 2593
9201 5497
4710 1705
8448 933
4866 3778
7046 9299
1442 8254
3672 175
868 6283
1324 5523
9840 7657
2542 6060
2036 837
9995 8668
9786 4579
9568 8935
550 3101
3930 9850
1441 6606
7603 411
271 5171
286 3161
5007 8521
1847 2519
5751 4374
974 1870
2257 6854
395 3144
9285 6953
5444 9595
3865 9561
5006 6699
3550 9150
4666 3074
1183 1465
3101 7845
8009 2013
5080 4837
8246 6730
7116 7081
710 47
4210 6758
3203 4490
1143 6892
297 4456
4189 8696
3086 1094
3827 5620
6757 7321
6806 5919
6990 5055
7914 9685
1825 3032
5549 1039
9105 6835
2580 6
6509 3491
5365 7331
6348 2382
6324 8866
3640 7647
102 6846
2188 7549
5059 5046
3330 1510
645 8472
233 6170
8164 148
6611 7737
6276 8974
7116 7248
4295 5403
5907 435
148 136
1185 6703
7145 4175
9682 4324
1819 7411
1545 7937
9614 3487
3467 7257
1751 760
1198 3627
9066 4992
9129 7858
7905 948
1464 6875
2790 1397
7489 7067
6343 6350
3653 3646
5042 6088
1508 1564
3322 5685
595 2906
4666 9441
6988 1178
1996 8002
3840 1963
9299 4036
7192 9803
3083 2212
400 8121
5700 2530
6839 7746
8939 9261
514 6842
4992 7913
1884 3713
5943 6223
3001 7494
8151 6164
4457 4901
2882 2313
2192 6790
76 7028
711 9273
801 2931
8878 7643
8874 4722
5871 2893
7259 5335
6532 4643
7274 3470
7491 7055
5065 8511
3453 849
7986 8292
4168 2777
3379 3243
5188 2352
6061 9276
151 1203
7534 741
8792 893
7729 2549
4406 1488
2911 3260
3017 6268
6591 8104
1956 949
7404 1271
9044 8462
7041 2327
9263 5206
1652 7948
2672 4673
959 7506
2943 3346
7071 2246
944 7798
8609 3812
4434 3668
8552 594
5263 2293
9265 4951
5824 8933
9864 7878
2026 4862
3338 764
2655 1263
8387 2479
3578 5904
1849 8827
8707 1142
6700 113
3225 4420
5709 9467
3556 779
670 8706
4047 3180
8833 1458
272 1807
8805 7709
3685 2090
8339 9931
270 6967
2113 4553
1399 9144
3572 5669
3461 8062
3965 7933
1398 6511
6701 167
7482 2410
2950 4974
1655 2455
6491 8529
4562 5246
9266 8599
8829 7802
6245 8127
8523 9696
9 6333
3081 7220
2401 1413
8847 2840
2048 6579
6840 2075
9153 8232
7302 7641
2905 185
1554 9592
102 578
932 9225
5109 5744
4807 6369
5389 7407
7836 4447
4190 2175
8837 1454
2180 1283
9791 5489
1102 7962
2468 9908
3530 3732
5653 6309
2954 9686
748 9557
2915 7030
3838 8385
8053 7382
7126 4075
4910 1948
2762 5257
1323 6980
1039 3887
2211 8908
8714 266
7569 7691
9820 5004
70 1372
3024 1359
1688 7278
8997 1983
8391 1330
8741 7680
3255 83
5066 2076
3394 5256
4367 4428
6856 2524
7729 3068
5623 1072
5225 8409
4138 9345
6939 7037
6613 2394
7004 8831
1737 940
1761 8175
3101 2697
6243 3710
4224 3012
3951 526
9001 8210
4474 4018
33 1645
8199 2073
3708 8375
1800 4438
4742 4300
5816 3278
7703 2504
9071 3090
6331 2086
1648 1289
3820 2834
1781 5799
5016 7418
8277 2698
4522 223
7974 3581
4516 2312
9448 2709
8668 4731
9742 872
7224 1124
2660 9705
3221 9804
3977 734
2165 1017
196 9433
3572 3557
3874 6176
7795 6119
5144 7209
5707 6825
5065 4372
8271 831
6690 903
6696 3482
1073 8346
5089 1021
6646 9366
7776 2880
1109 340
9459 3413
1301 9206
9648 5199
9490 3569
1567 8270
9688 2929
3516 6711
6931 5996
8680 8033
2059 7568
9092 8477
440 3612
5656 6600
3753 8326
6132 8493
5309 4505
1891 3603
8650 2664
3583 5522
1438 9498
6130 4549
7163 5688
590 8626
574 7886
5601 4228
7030 9281
7795 2062
5722 1284
6152 3897
590 8057
9995 5511
6365 5739
1783 1432
5338 4068
9057 168
7605 9558
3516 736
9403 3456
3389 4441
1711 520
8431 9109
9049 742
7404 6175
3211 4525
1159 6397
2065 7556
8132 2641
2078 7982
1642 6422
5065 2042
4545 3512
6516 7336
5564 1177
5928 5020
2200 7730
5145 5393
7475 9647
4707 2695
2616 4773
4934 1938
7163 9143
9739 1462
7495 8160
6968 8835
9132 2422
6151 5888
3467 4060
7798 3890
277 675
7962 4333
8908 8197
744 9680
5019 1970
3068 9068
924 6261
8997 8004
4423 2997
4815 7231
675 1634
4764 6888
614 9235
1231 1403
7680 7291
1301 9736
121 664
708 6642
3594 21
3461 2416
4250 407
3129 3387
8979 2631
9469 8839
5142 7898
7354 863
1050 6054
6913 9527
8223 5823
237 3768
7971 9581
7753 5969
9966 5910
1834 902
3052 308
1757 4007
9574 8163
8974 3722
8568 7394
7054 5431
9296 5668
231 4308
6223 4058
8015 1280
7851 5615
67 9912
231 3659
6743 6767
6340 5415
7064 8179
8819 9704
7949 4623
3187 5908
5177 5383
7321 2034
1927 579
7890 8250
9055 3495
7819 3898
6540 2854
3525 1969
421 5012
6614 8081
6850 7823
7258 4984
1366 406
231 58
3357 631
9660 3253
8374 9947
2302 3097
5430 4914
3665 5236
664 3231
8798 9733
5978 9556
7935 3027
5623 8844
7821 7794
4712 6326
7177 7644
2381 3743
6614 4882
2285 4789
8461 1731
1313 5568
8473 7992
9836 5826
6585 4962
4714 8801
6283 8036
2042 5950
529 9282
3214 4433
351 587
9316 5808
1031 2477
374 7751
872 9006
8815 2053
4585 1593
1545 7894
5467 9821
6819 3287
4394 4079
5904 8011
6662 6955
2203 1023
4611 8106
2494 5307
3141 3402
2172 6698
5537 1281
6303 4262
356 8966
4687 1576
7765 1396
2135 8812
9584 5732
1707 4097
9071 3818
9474 5531
7173 4122
2691 5380
1628 5238
104 5425
5763 9987
4364 9782
389 7503
6493 3734
9498 5594
1572 7872
891 5162
871 4192
5913 9465
8079 7139
4400 2391
6325 3696
9790 7253
7625 958
1131 3448
7541 1827
2576 7591
1648 2125
2357 1416
2021 5735
8863 3630
9595 193
9103 8560
3164 1719
1352 1670
6637 6275
6375 4443
8802 9453
4516 7429
4596 7977
9236 9197
3951 8724
5480 1268
5155 8072
1474 2835
1961 5317
5807 5302
587 2676
4047 1443
3796 7757
9132 1960
9721 3366
6856 3113
5184 9617
6986 4844
3109 3261
7264 900
3979 4448
5963 6271
3555 366
3231 4126
5696 6525
8192 7749
8507 1489
1363 7696
1474 2716
5184 8688
4485 8014
3164 4104
4148 9311
4551 2760
5630 391
1895 8870
7383 3184
6317 9038
5650 6258
2009 8320
7583 240
4854 3324
4267 8405
6166 1560
9673 1821
8474 537
258 8738
8715 3284
1693 1348
1068 9770
7349 566
1915 5494
8876 8873
1963 1095
4755 6395
5266 5649
6384 204
9196 9989
8618 6112
5293 2934
3238 3365
2473 3411
2767 8990
4291 8978
4977 2657
5331 3522
8093 2903
4322 8796
9412 8333
9181 8595
4996 9959
5480 5249
8778 845
5695 1868
1964 789
1724 1818
8666 1692
8840 7111
4665 5094
8738 2404
8050 9054
1877 8370
8057 1287
1470 7896
2895 9085
2002 5526
8609 8986
7239 8279
9718 4950
8871 2727
4498 426
7625 617
8811 1337
6381 4418
2585 5772
7232 4157
7949 6263
8176 9018
900 5741
2456 1244
4715 6035
7084 7303
325 9583
441 2094
5196 6492
8061 3120
8635 1294
9954 4463
9227 9701
1936 3347
2215 2453
8184 8457
3926 5951
1759 3208
7044 8520
4158 2436
9031 3752
6509 7769
6525 8938
8392 3053
2065 6995
1377 7820
6265 6981
8297 3600
8387 6013
1067 8960
6113 3675
1788 3518
6846 4963
2742 5964
5442 2635
7282 3953
1821 8892
7220 1450
2537 8834
8443 8954
7173 7771
2851 2058
4224 5768
1693 8754
3524 4501
8055 8224
5854 2393
621 7426
6811 153
6254 9208
6809 4205
5029 3832
2793 8753
5913 720
5698 8854
5688 3484
9267 1412
2822 4392
8375 1857
2466 7617
4572 2628
1227 8681
2073 2964
7045 5840
6594 5746
5973 8492
1867 5336
532 4239
3845 1929
1816 3314
6767 3003
1297 869
842 8425
1762 971
4449 7218
2027 7035
1976 3380
2125 8713
1803 92
8675 6482
1891 5402
2648 7651
1738 9162
5387 4966
7885 5659
3104 7487
3217 4696
7049 4347
2016 2969
7644 6649
8732 1367
7464 9157
7762 8239
858 5882
4147 1202
8228 7003
386 8658
415 2452
2048 2617
9377 8969
6945 9041
515 6581
7346 7812
8579 4705
6163 3821
1485 8478
2027 4207
2598 3571
5122 1090
1241 4736
4063 9095
1577 2206
4046 3543
2285 9582
9835 7505
6814 5995
2807 8213
5592 6404
2620 6881
4974 3959
1316 3291
5910 8479
4687 9390
505 7995
122 4163
5988 1531
5995 8295
9221 5665
4638 8664
4617 1582
2608 9716
219 7467
405 931
1937 7868
9433 7966
296 4845
1998 7159
4648 4658
2911 7712
2369 91
4731 5972
7333 9188
8493 7552
5662 7134
8084 8662
2132 8501
385 2330
353 5397
6371 2185
4324 6751
6373 2592
650 8351
1455 9700
1781 7117
1567 4341
9360 4662
5344 3121
716 2210
996 7421
6856 9653
2570 3444
174 5828
1212 2367
3162 3636
417 6866
6357 28
5702 259
2162 5132
7077 4236
2739 2879
2624 9827
4830 7528
8171 5458
1983 1515
2066 4971
9 147
4583 6542
6376 3622
8397 3772
4888 5232
4548 446
5794 2864
8388 9624
5633 9241
7891 8323
6765 8445
9426 5197
692 289
7890 9735
1577 1362
9196 6249
9403 7515
2744 8191
8734 2673
3736 1150
8323 4776
5149 2181
243 4500
3630 2756
116 8276
8491 1768
2199 6310
2787 8989
569 1854
3632 186
2047 8703
2619 1383
2469 9014
2994 5470
2955 8813
4457 9846
4572 1192
7822 6294
8899 3498
2047 2708
1587 9277
4918 5294
3932 9466
5671 7602
9031 920
5333 6142
4494 2108
3197 8551
7750 5127
1524 1436
5337 3176
1490 8248
6220 6286
2914 6738
5615 1197
4251 1350
9710 5424
2053 9076
7919 555
8985 9438
1849 5573
6165 9335
3389 4758
6798 5219
3177 4659
118 935
6349 7098
1958 8378
3713 5079
3898 3671
2542 1041
9304 120
8028 8481
4290 6203
1985 436
5130 1999
7765 7704
7955 7830
1018 3957
1889 1547
7823 2589
6730 7318
8717 1342
8672 2124
698 8206
2628 3955
6088 9362
9529 3909
1843 3584
7281 6622
2619 3702
303 6896
8067 9547
3058 4702
3376 2731
3726 9922
6871 2661
4583 7694
2242 2679
8961 2687
3353 2658
5426 9428
3160 5759
1455 1864
2855 877
1863 3455
3989 3414
5495 2437
2761 9052
4604 2461
1762 7412
9788 1118
2465 7208
4473 8230
8395 6484
3536 3390
7828 534
640 7701
7571 497
8993 7678
3706 6818
3779 7445
6221 1702
3927 8965
7702 1077
9153 9050
4160 7952
5246 1806
6171 2155
2367 8667
9059 4631
6477 1841
9066 2671
6307 8611
2047 4451
1083 7378
16 6868
3265 5734
6745 953
801 6604
6525 9473
4726 1912
4450 7314
7696 9387
9438 2682
7326 6285
1229 2820
8880 5577
8148 6417
9475 4164
8678 6188
7718 4809
5217 880
6494 6495
3346 1411
5893 8219
832 2202
7253 3430
9836 4303
822 7076
7102 1059
5732 3773
3405 8743
3390 8467
6526 9099
4767 2627
9383 9743
3324 7791
4712 8655
4710 1928
7815 9727
9255 6125
290 6862
7412 9723
3180 5221
6046 1326
9642 3328
68 8249
2915 3733
5869 1744
1433 1188
7607 541
4615 1713
6622 8335
8699 2269
4842 8506
3572 4121
3272 4701
9201 3420
6650 6098
8457 1848
8591 963
938 1246
662 5898
8934 8475
1484 6925
6339 9775
3401 1256
424 8362
4041 173
9196 875
5040 3309
6803 4586
3163 2205
1095 4709
8655 2704
5351 8746
5848 4720
271 606
8616 8888
4712 2674
7802 8056
1166 2169
6083 908
6431 4403
7422 4344
5167 943
8059 5884
2575 6598
6199 6255
6123 8967
3911 9219
5921 2100
5383 919
1806 3895
8101 2039
2992 6026
4340 9215
2907 3707
8665 686
5075 6000
6868 2947
3180 5276
8040 3693
5269 6459
3490 2118
7257 884
1519 2314
1998 3566
7510 1993
6790 2240
6004 2948
802 9145
4469 4991
6250 5524
4971 2700
5982 8882
6689 388
4793 6156
3105 5860
1083 4757
8628 2260
6680 8910
11 5948
8470 9384
7886 635
8503 3234
8532 9615
6208 7611
6951 4877
8438 8941
6524 8525
7800 5163
1600 7867
6955 2753
3087 3619
1836 4924
3024 3817
3611 2116
7709 6882
669 9495
2285 4526
6013 1779
2720 3006
1668 556
889 899
5197 4232
7611 3762
5650 7923
2302 8010
8513 4137
3530 1723
3083 1902
2961 5003
1694 9482
8149 2521
6555 3510
9511 565
1973 6848
6607 2148
9039 1991
4879 3785
3223 8970
2633 6232
8736 9396
4398 3991
8738 947
6402 6636
5164 365
1560 6885
7149 1499
222 2408
3540 7887
68 1540
3459 7530
8442 5769
8521 8360
3957 881
4061 2146
8210 8174
1543 9485
4192 8459
7730 2662
9956 2891
5235 8123
4340 4946
3653 2281
6652 807
1274 6718
9031 9983
4740 2518
749 3825
8382 6887
5800 1644
977 6719
2212 1704
8678 6231
4783 4833
9290 8719
1498 9982
4621 2817
1381 4801
447 7944
8382 25
7227 8471
3641 586
2408 8403
9029 7178
7784 8826
8565 1580
8183 8485
2256 6396
1280 830
5323 7778
275 1349
3484 9860
9296 3913
4235 9023
5943 7119
3121 743
7280 9202
2120 1550
3736 2265
3478 2329
2223 3992
1166 9010
3788 627
7911 1417
8668 9920
925 4293
8707 4284
6752 8043
5865 2552
2841 525
534 5202
768 232
1671 8390
2267 3054
1834 9314
4554 8154
4599 755
352 4523
7018 6072
3250 2008
9617 4937
5838 6003
9080 295
4808 5815
8475 396
1579 2497
5220 7485
8214 4624
7709 861
1930 1952
7358 9280
7787 1558
9144 5890
9877 6507
5072 9571
6622 7593
6166 188
168 3263
5476 3680
9605 9689
7802 7385
269 5757
2192 4368
8475 737
9328 4187
4340 3282
7773 9957
1568 9364
5263 1776
184 2365
675 6915
7037 9418
5452 6358
200 4520
7019 9972
3735 8070
9560 2926
2872 3340
3319 1717
7856 7715
7123 5699
4826 4354
2940 7722
5584 3879
6570 6906
4438 9240
5105 71
173 7484
7466 1007
9921 6244
1841 5839
6555 4076
5687 846
6106 6873
2812 3153
1543 6794
3596 8691
7814 8772
2424 1215
2684 9269
5354 9618
4458 7594
9011 4771
3897 5689
5186 3990
9577 3241
1818 3549
9162 5201
519 5845
2797 3118
7095 8069
8781 999
1436 2714
6767 9439
6774 7600
2066 2160
1795 8373
5083 6352
7218 1376
2404 4379
8273 9637
3448 2832
7836 705
5275 6867
4508 3777
5365 659
419 2502
1920 1747
855 4240
4529 6948
9231 7829
6673 8352
2368 2332
7390 966
8353 1858
6489 5203
9711 8615
8106 6407
2798 4334
8085 6780
8888 7640
2796 4578
6310 3434
6892 5905
6403 4555
2068 2511
5458 9128
1428 472
9315 7994
2214 382
2006 2567
3570 6501
6129 2866
2112 9537
5119 3150
548 9599
6443 8215
2314 6908
3161 3363
5322 2612
2394 201
6123 6345
8536 995
675 30
7499 2933
4092 1630
7781 3834
8976 1076
2626 9703
9544 1977
6886 8368
9427 8958
1677 8344
133 312
1592 6014
5588 7615
1808 5651
8001 4725
9587 2814
5879 3136
3050 4959
7202 9814
2714 2974
3783 3181
276 5756
1188 7370
6511 6264
746 455
5741 5557
7907 683
7845 730
4520 1247
2118 7875
2555 4208
9353 2800
867 783
1936 2928
3582 1088
7696 3606
7380 6704
7452 5255
2312 9776
2080 458
7805 3617
4611 942
7054 8684
2429 808
1912 5044
2506 7120
5753 9649
5309 9463
7412 5968
5418 2811
5325 2560
8062 1066
3333 5352
6637 5282
1939 5599
1277 3877
3748 1089
8771 3828
6852 7056
5238 8857
6609 9869
584 2752
1577 1395
5109 2553
9308 3580
3141 1034
9345 5168
6380 8550
7701 501
3793 2532
5179 4626
7545 3289
3498 3048
3574 4514
3024 951
4780 1914
6645 926
674 6262
7006 5796
271 4889
6223 536
9177 661
1662 1098
1517 2028
9249 738
1844 251
2383 5037
6615 2266
2156 9859
5997 7449
4478 9126
6649 3808
8467 9120
9870 3781
995 4425
1092 3843
8649 8172
9104 1866
137 1899
4932 7692
7314 7469
538 3856
1454 3179
2038 4199
337 838
5435 2535
4630 8757
2521 7270
5703 5241
8151 4987
6553 1536
4664 5015
9812 6635
502 5064
7601 3585
3956 4677
2739 957
1171 1408
6859 1444
9118 8153
7054 684
4989 1435
4918 9763
2395 3563
4000 950
6029 3940
6428 5406
9051 7960
9816 257
2780 3623
4821 1020
7271 4486
3823 1822
4061 1852
9321 470
7120 3143
4674 6472
9082 6941
4441 6612
9558 857
9061 29
2239 1760
8989 5271
602 4871
7817 3299
5180 3368
720 8227
1177 6217
8772 2808
7348 5802
7077 5570
5877 8361
7856 3864
3353 3945
1638 3639
333 6147
1746 3457
1568 5110
5093 1315
3849 4986
4367 2470
3935 9800
7266 8156
409 4656
2118 4430
3649 2350
4577 6764
6251 3894
3161 4387
2447 6583
9820 1666
3865 2443
1748 794
1371 1302
1873 8410
9994 3652
217 7985
1070 9896
9764 5071
5808 4177
9059 2899
3459 8564
4758 5762
8056 777
6042 9035
7497 1538
3254 4317
9775 8007
7351 8406
1495 9834
1739 9944
2535 6284
5598 6073
3245 197
8472 9040
6772 7405
2925 6412
6878 3008
834 5018
3230 5955
4034 6707
7606 8726
9885 5962
157 4342
2313 8602
3917 370
4930 5872
783 7339
3387 160
6059 3005
2150 8329
703 7958
5073 7453
9625 6693
6181 8515
5694 6746
4390 7379
8863 1162
3464 242
3724 3638
5444 8416
6044 9867
7193 9818
4375 5692
8154 6619
2606 4827
5564 5215
5531 7717
1488 8971
5786 5361
2461 4327
6619 1509
7010 9416
9156 1347
7256 7796
5030 8432
749 1011
5531 2207
3427 2725
6780 4936
8050 459
6282 165
1915 9078
5498 9724
4979 7686
5632 6383
8978 6159
974 4670
4062 9356
7722 5736
3378 7286
492 1010
1580 8788
7787 2942
7606 1885
7316 3678
4541 4956
8805 3854
4667 1110
8341 6149
8992 3626
4624 5755
7509 4832
9636 318
2579 3599
7367 2962
9099 1784
6984 2321
9733 5314
5295 9813
3430 8673
3891 3684
9856 513
5662 5938
7695 952
4024 124
1113 1168
3008 7153
5114 4142
2548 7540
8971 4484
4907 4315
560 2082
665 7335
4928 2046
5193 4672
9827 3963
9299 8202
5343 77
6064 3644
2393 8646
5532 6900
9194 792
7802 1338
2296 5478
719 9220
5099 5321
7352 4002
4408 4422
6905 2451
7854 4279
7627 1200
3547 4754
2419 8853
2890 6996
8279 1943
2117 4816
7145 5413
1399 1409
5442 5173
8248 8527
4104 4385
9102 1559
4253 7936
5961 6099
2326 3657
6011 7238
3094 6874
774 4777
1342 3063
8183 2527
7568 796
9075 956
1675 4785
6555 2921
69 3831
5128 3811
5088 3501
2412 6574
4018 2249
4341 980
8466 1370
1864 633
6611 6201
349 9744
5318 7091
7317 4051
5666 2952
5600 5153
8326 5243
8891 4243
5486 4834
9505 6296
5025 6974
4388 591
4144 1069
8475 2659
6755 503
4608 2085
3550 4311
6238 368
9984 4688
1028 5931
9002 2338
2258 7613
8362 1285
3508 1022
9371 5260
3769 724
9589 2670
9024 3049
9549 9146
3726 86
6354 3918
8405 9979
4052 8400
2905 7460
4566 4033
5248 936
7357 4363
2078 3356
1399 9626
3259 8983
9842 8604
940 6230
8224 2035
5540 7797
2672 619
6040 1266
2987 1218
1960 9554
5494 2131
3734 6993
4987 8137
920 983
9949 4915
2222 1971
5885 3588
3849 1809
2362 8612
2524 3729
2495 6109
7720 7104
4833 9881
3695 9575
4418 3371
4310 2916
412 1389
3560 3415
9872 2978
2936 9262
7146 7537
7371 3873
6206 7662
386 5690
3470 8610
8313 4787
3550 162
3206 114
7945 739
4869 9112
4673 2941
447 5449
3134 9717
5109 7687
2869 4960
4670 218
3285 7409
8563 7151
2102 8765
8701 4794
6809 9226
5206 6449
4321 7338
957 2371
8624 3112
5010 9313
5732 7203
3605 3468
2392 9213
5953 6590
5668 6697
5246 9322
9988 9754
7605 3286
4407 6800
6704 4510
6580 7930
7986 5804
3867 5463
1922 870
4723 4647
9523 6039
2418 4410
925 9737
8333 6138
1967 8180
6989 1265
7989 227
7606 5312
868 6474
3394 6503
7597 3878
6957 3686
4644 3091
1355 5664
4211 7563
7585 3262
557 404
5391 1855
996 6458
3727 1511
4664 5350
3077 6920
3682 8864
5425 7479
807 7328
5759 7893
7719 2337
6675 428
3260 6644
4284 7431
6964 9848
1444 5538
4086 4521
5692 94
6266 2827
4503 4108
8813 4517
865 8460
7278 5043
3991 4919
2076 9110
6378 8436
4514 3047
321 8855
7469 7598
8524 9619
3540 7127
842 1248
5365 8544
1836 4337
4259 723
3176 6954
7193 4233
6986 2377
861 4182
978 3242
2137 1586
959 9260
3016 9248
6898 3226
4711 8785
3951 1199
8627 5355
2252 6318
5355 7706
2866 452
6134 6665
7930 9343
3688 6658
7215 2025
6189 1654
7720 3280
1934 454
7620 9895
9673 5356
85 464
6169 8155
9800 7401
5651 7342
7422 3332
2431 5074
494 7614
5754 7251
6547 5818
5515 8783
5691 4820
418 1217
6461 1526
1908 9009
263 7544
3577 6426
2324 3321
3272 9768
2928 5005
1843 8347
7676 448
5824 639
8028 8780
5635 4872
8034 8413
8037 2299
7548 6001
1524 2435
4080 3171
216 195
1400 7372
3103 7176
9 315
7062 2110
2908 2491
7252 3655
5990 3183
9361 2287
5638 1025
9632 8721
8838 5680
5978 9506
6689 9663
438 7774
2817 826
5726 9456
2233 8316
2695 9720
1925 4829
2251 3954
3490 1669
5526 6736
2293 4384
3042 341
3823 9096
867 9662
6124 6190
2493 9806
2259 3677
8320 5721
3109 6455
725 1375
1620 3797
3938 3408
2014 6215
1023 1494
6809 4756
8967 5288
9383 9765
9140 5784
7964 7498
9657 4234
3430 685
6948 5657
5557 5313
5359 6038
4096 4209
5517 8140
7031 427
5200 1106
8299 9552
940 7174
7216 2566
1366 3528
1973 3124
372 9107
99 8115
6438 2801
391 2583
4478 6880
6167 9667
9325 2072
8934 8702
1588 8816
3090 8134
1368 1625
3996 8256
7382 3465
7131 7622
9034 9122
4645 8145
4879 9939
8906 4590
8168 6248
5177 8235
341 8194
3143 7042
5379 7082
7623 8131
3096 8117
2069 2898
8815 6668
2332 6831
9093 2853
5053 3725
1447 1530
9092 7801
5121 4134
7900 5305
7957 1317
648 9687
8289 2927
5703 6213
3410 4381
2197 5169
8285 6936
743 3763
2665 3719
6877 816
908 6750
8923 6797
7494 7021
6517 6552
3238 5104
9170 656
8216 1407
8579 9871
7039 152
9146 3513
3886 2792
306 7392
76 1027
185 7500
2812 9180
3674 8383
7415 9757
2099 1445
7254 8414
6347 5852
6305 1210
8383 2970
6873 1207
6907 8212
8682 339
1580 7260
5029 1476
9337 3421
8880 5450
6204 6363
9513 7879
9407 5825
6064 6488
1242 4886
2852 4565
5908 2980
7393 3809
7227 3072
8778 6179
1683 9500
3957 717
428 8125
1375 8358
4009 4569
7253 6633
8606 9165
2975 7360
4634 4217
6693 6016
528 4181
2441 7198
3365 535
2950 1182
9599 8165
5180 3460
6524 6851
6743 7230
1945 8411
903 7350
8286 2512
1528 4139
3978 5749
3366 9436
7432 7008
2440 3705
2364 8029
4597 3664
1242 7752
4956 2887
6215 3526
2224 8919
9352 4248
1430 9060
3609 6716
967 1876
4364 2824
4598 7572
1102 776
8390 954
7416 8356
1075 8146
4438 5247
171 1009
9798 8178
3109 4258
2368 5622
5924 7825
5534 7908
7357 5569
6563 1860
3913 4091
4647 1116
6924 3025
2495 4531
8172 5373
1051 7850
3983 226
4194 381
2469 1667
6586 5051
5774 3884
3870 7988
6355 1132
5238 8489
6954 1478
7370 6312
3199 8110
6561 4397
1498 6141
2358 9032
4919 4860
1544 2604
1397 9233
8498 4893
4419 7991
4889 8019
4285 6813
3541 8807
4673 8633
1199 434
8036 1905
6942 2746
5352 5159
9482 8597
8372 432
2378 8424
2147 8486
8479 5892
3510 6233
4826 6639
7563 6052
5290 3882
7761 5427
2175 1933
1085 8949
3218 1344
8788 5565
3979 5428
9623 3116
1858 2499
3721 993
7308 112
7640 4006
7594 5612
8239 8830
856 4698
9206 1483
1530 5348
7470 9339
5981 859
595 551
1032 4195
6263 7810
5812 3717
8712 7103
3968 2603
8009 2529
1821 5047
6397 9787
1349 5654
3263 5773
3541 6544
5443 4652
9384 8314
8762 2017
2358 5465
8318 3329
1098 9222
7649 164
1171 9400
7145 9033
8209 8089
8890 1258
1971 14
3908 9402
1267 2977
534 5608
7887 2413
4732 3698
4978 1310
8206 3294
9104 3737
5100 9139
7924 8283
7805 334
2904 5788
7390 1130
1253 6771
8041 5490
9595 3125
9038 8708
5407 4229
6124 6789
5795 6838
8365 5760
3027 4849
4307 6078
4816 245
6384 2538
5928 9415
1158 9242
967 4607
5377 9171
6015 5284
3095 833
5717 543
3360 6664
9759 1773
6165 961
2752 4254
3311 562
516 9047
2112 8381
9017 9761
3479 2481
3549 9330
5703 1571
3555 7518
2035 4846
2078 6970
6906 2958
1642 3835
7676 1147
5792 5684
7665 393
3917 694
1325 568
7741 3980
3679 9707
5404 477
1083 2204
3479 6748
594 433
5344 2638
6689 9808
6049 4762
7769 2516
1833 4391
6505 5868
8822 1461
1964 5817
5053 9785
951 3780
9284 9250
2423 5141
9789 9978
9883 500
4960 7395
2261 7027
7121 1471
5127 4582
4151 898
3180 9576
5779 2949
1337 7710
21 3193
6326 5915
5680 1565
9632 7235
6308 203
3752 9906
7019 3222
4500 1921
4226 8766
8777 1451
1825 4146
3003 3348
5238 5267
3462 5837
5537 1503
8125 6927
3918 798
1250 726
5854 907
1894 7609
9840 9069
9667 5319
5339 2244
6252 5013
2579 8897
7449 5672
7778 3059
7962 2433
7128 3302
8115 5725
3535 6128
3546 2513
947 2821
6402 8562
4026 8092
8922 4287
3975 4507
1774 8257
4386 3172
1372 1042
8106 2096
9578 6630
9020 1804
9700 8898
9728 8575
5535 1896
2651 9631
1945 8208
9514 4460
1428 9566
8279 2505
8085 3215
789 7244
9796 9053
4105 6008
4929 9351
8161 8349
1543 6582
3658 3007
3492 5133
2306 1820
9614 7294
9190 7399
4688 5561
3451 575
1825 7760
6094 8821
764 6338
2412 4343
3635 8621
5026 5834
2911 9873
81 7
9587 1765
6516 1186
3560 2816
7403 6904
3272 5372
5583 3504
1824 7343
7422 9601
8536 3756
8207 4089
1724 5525
6736 840
8821 5
710 5677
2688 1942
2902 7835
6580 9423
2115 2847
3769 6640
1042 1782
1136 8742
3105 4277
5179 51
52 5624
296 2889
363 5151
1921 9079
1650 883
54 4480
9718 2142
8431 7292
794 6096
9964 7096
2889 1012
100 6194
8576 851
9907 6421
5300 2170
4946 6295
2717 5846
1565 3731
5726 9320
5620 8133
8285 279
6064 9928
9418 5152
433 9486
6225 6186
4176 7118
1445 9287
7012 2123
4590 4916
584 2781
6294 6292
8103 2881
490 8377
2635 3981
7064 9252
5332 7667
611 5487
1665 8046
1699 9445
9978 5724
2833 6857
9285 4087
7423 6066
9523 2783
9268 4332
6982 3232
6602 6017
4587 7241
720 402
5797 2176
9867 4215
6584 320
2852 4612
4694 9468
5705 2247
7470 3608
8385 5930
2676 5519
5091 4106
4413 6702
5357 2340
8095 6523
4730 6157
3275 6434
404 4905
4635 3342
1838 2810
849 4629
1203 7058
9024 6411
9691 2602
606 6686
3241 3325
835 9388
2727 8687
4590 5929
6610 2750
7192 1333
8127 2288
2977 9769
9231 40
2976 917
5483 7909
4694 2241
6626 5567
8132 6246
5418 5273
4677 3929
5704 6372
3462 4892
3841 5706
8352 2093
1039 8433
8709 6902
2929 9923
1259 2559
2005 6253
4356 4947
8126 4029
3323 5342
5794 1994
1368 207
6038 2738
726 5833
3154 8080
2989 7664
9275 2230
5664 5510
5792 2023
8550 8690
6419 2900
5628 1923
7086 8242
5275 7179
1763 2647
7490 2345
2984 2033
8486 5031
2035 2894
1874 8025
3961 7697
9675 9073
2515 2342
5851 6277
5382 253
3429 2584
5161 4366
6865 9503
768 671
3130 6508
1720 379
2401 9997
8358 970
849 1146
1719 5170
185 6328
9490 7683
3147 5227
2775 4864
6523 2621
5532 5491
8003 7033
2426 5069
6446 8790
337 8407
3560 4858
2907 6777
9667 6641
9352 8205
1256 7297
3150 8806
4487 1811
7468 1663
8382 5793
8338 7284
7108 6050
5757 2268
5919 8130
8711 2862
1095 5711
6723 9189
5812 8629
7941 3207
4990 969
5770 3993
9410 3270
6124 3661
1247 483
23 7675
9413 9586
323 4784
3410 5049
8069 3625
611 4299
5578 2844
5524 4103
95 9461
8486 3964
421 616
1723 8889
4565 3579
3516 437
5257 7221
8268 2507
6036 1575
4849 6191
7506 1557
1514 4260
6759 6301
7508 6068
5229 4968
4682 1727
1687 1334
834 7034
3284 3466
4473 5278
9329 5032
530 5618
2673 9515
5531 5965
3585 5556
7626 4095
7820 7793
1712 5106
5117 7956
158 8531
5694 9084
5701 8600
7458 850
6884 6210
6523 9013
2558 3904
6535 9310
9485 1534
9241 8987
7302 8278
2323 5631
8705 7976
5081 4649
3380 489
5351 7511
3759 8549
5655 1270
6275 6683
2002 6420
8706 688
543 1497
9381 2758
6355 9169
2711 626
1661 1900
4994 109
2166 6466
2250 3924
1224 9499
226 2764
2039 8480
4184 6998
4317 8735
9212 6485
4956 8325
8483 7831
8004 7561
1094 4319
3815 7311
5339 110
8919 5457
586 8096
65 5270
9896 7520
7496 9450
8250 44
482 7783
8056 4822
6263 1685
592 6895
655 1074
720 8105
9134 6058
4893 5616
9210 2417
8517 4130
4726 2152
9749 6977
388 3944
4210 2609
8934 4802
1939 4021
5149 4183
8515 6430
6317 757
5790 3493
282 1391
4195 5210
3169 4328
4577 6685
6494 6022
7590 3463
4926 3842
7719 7998
3804 4563
3196 1257
5037 9471
9146 4511
4107 8086
6425 7315
531 1216
4001 1689
1466 781
1681 601
2787 3178
2918 9179
8983 6300
7870 4247
6961 4870
2487 2837
5921 4887
9990 8038
9718 554
7518 3488
3940 2194
7929 9411
161 3739
4118 1624
6090 9729
3584 1676
8627 9862
7404 1500
9234 4459
6032 5603
8054 8100
3043 9334
6572 8760
2171 2701
4635 3447
3589 9392
6927 9176
6219 8435
2628 3910
8780 5780
1105 7143
2038 747
7974 3880
9983 3089
3546 9298
4125 6182
9133 8799
7567 5462
6870 7182
8098 4455
875 8428
8112 6436
2713 5967
5055 2091
85 2526
2344 6110
48 2133
2111 5349
7851 8281
7409 5011
9024 3061
6523 9656
2326 2015
6423 5285
6128 4318
1875 5303
2422 4323
1137 6439
6652 6322
5848 9668
9453 7167
7466 6330
3117 6216
2905 7417
6180 9406
7359 1589
7333 4066
4367 244
5770 8946
2658 6241
3766 9766
7088 9214
749 4852
126 3014
7495 6864
7574 8258
2375 7671
1021 3933
6674 1176
4990 41
1391 7792
7568 5758
1459 7368
7927 8408
5016 4378
3521 4903
9989 5472
4959 4296
7120 2523
4354 4967
9632 5306
2529 2586
2684 5801
5483 9752
3055 2097
8128 2283
8230 5533
2076 9063
6227 8509
6152 9204
236 6020
5330 3190
2613 8141
6968 9368
5914 2301
729 2
4550 8836
5273 1570
9761 4244
7836 6562
327 6624
6178 4479
7750 3210
1453 9443
2475 9493
640 6235
3396 3740
7977 4268
2898 2802
2529 9767
641 9779
3719 6541
8222 4439
7288 6351
7095 5970
5692 9910
5492 8463
2603 4225
5781 8233
5230 8704
3584 6442
1345 4552
2830 647
8617 8458
3382 5502
4138 547
4593 8322
8320 311
5285 7298
8406 1082
6321 5718
6750 213
5470 6518
7701 5474
4078 2355
275 2867
7964 823
2461 2179
2620 9414
3755 1839
4827 4274
9993 510
5009 7847
8355 4351
3478 9289
1542 8535
3833 6631
7031 369
8003 4193
6246 6769
4844 6659
5255 8642
1021 1380
1701 3473
2252 4839
9750 8744
7613 604
5910 3065
6676 9809
5272 6596
3641 3700
4327 1460
3637 6085
5302 9945
4560 6450
8407 3633
8162 1649
7777 4957
7314 8013
2707 2622
5497 1613
5040 7263
3722 1501
6581 4201
2775 7200
4726 5353
8649 9342
9621 6632
1499 5626
8324 2439
4207 8516
4497 299
588 3986
1962 4230
6232 392
4981 7839
2344 1802
3714 7147
2367 2979
8126 772
9516 629
5644 5678
3839 6229
7321 2415
5521 7860
6598 6416
5511 1756
6233 507
120 8745
6507 8401
9782 1133
3313 7245
7958 4680
1161 8850
1 9927
8679 1541
9402 117
5590 4639
6601 8995
2099 3123
9576 239
5476 8113
5125 7837
656 3883
6973 6933
7363 5944
1168 2434
6871 3920
7036 6475
1759 8440
8853 2163
4320 9950
8672 453
2727 2897
3299 6807
893 1840
1234 1276
648 5370
1103 9476
3687 1950
7381 9606
2134 6963
4753 6274
443 937
6719 1585
5292 7222
5367 3621
1950 4071
9659 1917
861 7659
9020 3568
4315 3293
4163 2238
6515 2876
3783 3720
7307 9116
4344 1049
3862 9622
6610 3301
4004 8671
9187 6184
2449 2106
5579 3354
3287 2878
551 6958
1199 791
4602 941
7757 4857
7490 2245
6441 4481
1482 1299
806 7211
5679 7100
8800 7219
9128 1044
3238 2070
4512 7436
9821 7629
6990 9449
7880 7502
7860 8102
3848 5952
1940 7684
9943 8963
9935 5676
5573 4633
1631 6287
3623 7152
4158 9530
8181 3336
3174 6564
9542 9531
7665 3320
3698 4098
2350 90
4135 9801
7327 6185
3025 9886
7988 5819
9990 6983
1276 9977
6042 8340
4739 7736
2383 5411
3648 7954
7723 8608
2193 6548
3872 7970
2588 3051
4700 3853
1992 4346
8250 5398
5389 5501
4894 9425
9719 9543
7807 4729
8547 5034
8216 2289
6433 177
9933 7725
586 3851
3490 9437
5784 191
4397 4155
8191 6739
5136 50
3609 5512
9427 87
3906 7038
7840 5252
9754 992
752 7669
9934 416
7468 1949
5940 4703
4528 4269
858 1014
9680 8614
7582 8998
2667 6048
1023 6985
2115 5190
9983 3417
5248 7481
5577 5388
1555 357
3080 914
4001 2632
9 4492
379 3573
6597 3998
8462 3507
3467 9897
8588 7447
5497 7424
9409 7226
9339 7099
8771 4920
7367 572
3836 5237
5064 2685
1489 7269
6553 7685
2704 170
1994 1886
3208 9374
4353 4571
4688 5345
2613 313
6355 8589
5169 732
3408 2723
3380 8518
8915 5550
796 9008
6453 5279
2532 4085
4497 818
4232 4073
2323 4231
4102 1126
4062 3616
868 4050
1708 7013
604 4588
4643 5783
9859 1016
9780 5017
3347 609
1319 2740
6686 4245
1780 771
1411 9725
3707 2999
1937 3950
2158 8496
5826 8017
9847 821
8582 8533
8268 638
1069 319
590 4038
9777 3591
7819 4575
1393 713
777 7079
9125 450
7641 8896
1172 6236
6384 5212
1947 4411
2036 6299
3556 4737
5402 9462
8532 6131
1740 9015
2856 9876
3074 9849
1529 8643
6781 2923
8159 9643
5428 4895
5453 4005
6964 7942
8688 2536
5358 34
8946 146
9972 1331
6877 1292
5616 4636
1684 4515
7966 1556
286 264
400 1204
9332 3876
3577 17
1359 2568
8551 3167
8868 5062
8089 4530
8208 972
6794 6037
9988 860
4091 4875
4710 9496
3618 7486
2742 6377
6651 3701
4941 3257
4298 8893
4914 6531
2698 3383
3 6137
7858 8546
452 8196
5869 9953
4767 2517
1681 1604
6558 9580
7201 9894
818 909
5690 3774
1489 5708
4937 1024
1051 8122
8275 3738
463 8924
1058 8487
2285 8173
9594 7950
9109 5286
7524 4054
8083 2019
5784 2595
1898 8456
6854 1603
6842 5647
8064 1793
5506 2789
121 7888
6222 9183
8619 6625
8687 3145
2821 420
9568 4838
4343 673
1973 9229
4873 9288
9225 6661
6949 691
7418 8139
3052 9629
7469 3212
6083 6717
5492 3085
8598 8204
2241 9333
3959 2683
3025 1201
6536 533
4607 7005
2507 5543
2355 8193
7602 1392
1638 8129
2673 4101
9097 7934
5951 3782
1570 7578
8772 7654
8247 9794
2745 4361
9579 7866
9377 2254
4611 997
4259 7596
1025 1225
3557 3441
3647 2398
2308 39
5845 5242
4663 8422
2199 3060
8340 7883
9069 7105
6019 3298
5270 2719
7028 2385
5981 9628
3792 2642
9854 7207
4216 1120
6942 4212
481 1004
6178 2871
1954 8580
3793 4863
9261 431
2002 6827
4138 1837
5269 784
9332 6272
3184 4358
7587 6025
8184 8376
4870 4925
2385 1901
2524 9350
7470 630
1811 1907
5549 9865
7393 9283
9813 7940
6359 9551
4860 2680
9251 4676
1033 2274
7983 9056
6164 4306
3540 3863
2184 1792
8368 7356
4080 5265
1089 2227
2627 6729
432 4969
577 1361
9030 4878
5952 2863
3301 3477
253 487
2282 2804
1926 512
4136 6012
9804 7728
7698 7767
7122 9147
5344 2724
5106 9512
1107 2389
5571 5165
7946 3269
885 2736
1606 6826
6690 5508
5325 5842
4994 1785
7299 9000
8827 9257
6991 5208
6837 9270
2975 6329
7777 3339
3052 8817
128 5937
2386 5979
2190 7477
9282 4543
1886 2489
3565 8832
6949 9772
2171 7289
9742 9826
604 5371
1144 2850
8931 9237
2650 9635
7171 7366
1689 6987
7265 1828
5471 9824
4887 7397
9292 4532
1202 6804
9358 5604
5130 3947
8719 9510
7202 4031
1591 8266
4836 0
8985 6860
9637 7565
1388 973
6014 6740
9645 212
7605 2522
4386 9198
9292 451
1662 3480
8128 4292
4137 6033
3545 1862
865 9664
9636 9884
6444 3681
7240 6161
1237 27
915 3871
2742 9866
267 1163
4144 2938
2134 6828
6101 6861
1781 1479
7624 7273
5954 8773
6983 9778
670 3654
430 1322
932 6802
9581 8940
627 9507
8074 1696
9996 1972
9569 1230
4032 1931
9865 9089
5608 5697
1714 5745
2890 5036
2783 6706
446 1660
3490 9783
2116 2186
8496 5384
5011 9671
6953 4746
1844 7516
9213 1472
1717 376
485 234
8806 7542
8471 733
9041 6788
2257 1249
8016 1533
2714 2141
7869 6770
1400 2450
9741 8423
5184 8147
6618 3067
5425 6569
8724 4471
3069 6079
5502 4348
7461 8776
391 9158
2783 3071
3428 3537
7682 787
573 9550
5940 8725
9685 7138
121 4475
862 795
9313 9036
4367 6198
4762 6346
5110 7788
5762 5639
6433 558
3670 5310
6308 5324
3430 769
3460 1419
9769 4329
1559 5195
3366 561
9721 8253
7005 9397
5035 3830
1514 8764
1603 7210
8898 8670
2996 7786
7499 9748
6361 8540
1226 9880
6365 1087
3387 6956
2909 7634
7097 4689
1913 4014
4878 8936
9888 7148
3351 504
112 3666
6236 8502
2664 8240
3648 456
2650 968
4158 9245
2922 9534
6898 6133
973 1122
2129 5414
5581 5999
592 3312
9823 7217
3733 1743
6017 4814
8248 7243
4199 6136
2534 6691
587 2087
8348 3424
5948 2528
1676 7707
2538 1987
7080 6107
2858 8823
6110 878
6947 1633
8659 3523
4307 496
3203 7443
1350 2471
3972 9207
8525 8720
3686 4477
3528 8142
4135 78
7982 9386
8015 9042
6377 9004
2922 9508
1766 8077
7222 2946
920 465
6762 8996
651 336
5372 2782
3465 7414
474 5987
75 1134
3389 5720
7106 7779
3054 322
1464 8182
191 3316
3626 4128
7798 6655
875 3033
7295 2278
3598 8957
9336 9457
6052 7580
789 8841
5648 9936
2582 2031
1823 5396
3065 2311
4657 119
7213 1434
2586 3403
275 9684
6882 2968
2982 449
6940 4109
7995 1157
97 1418
2507 8026
9962 5682
6779 8265
83 5468
5541 581
2700 9408
4332 2546
1073 7616
9454 4336
787 2712
1582 8116
3351 2446
5911 8607
908 928
6079 2865
8990 3015
275 8288
9055 1100
2208 567
8040 480
5415 3985
9547 4911
3252 2610
7380 2868
6942 8794
7356 9458
3904 180
8796 1153
3199 9081
1373 8337
8087 4840
8993 7918
5962 4261
8909 1456
5106 5520
5629 62
8281 8280
9705 6024
5170 6256
9090 2380
1733 7507
6637 1846
946 9379
7565 2485
7680 2689
4368 6549
6711 6753
5106 5419
2617 4294
2025 6578
8189 7325
558 3135
8617 2490
501 7632
4873 4302
5673 2482
8872 1909
5902 9444
4608 9199
7838 9774
2684 1340
4302 1239
9365 4856
4803 3819
7652 2182
9482 2774
4693 8561
5360 3595
99 5253
1932 7973
3207 4675
7817 2010
3758 2590
815 1729
8289 7310
4860 1595
4345 4435
6367 9369
8985 4568
7084 7457
2098 4483
1370 2292
577 5439
9298 2149
9601 7462
2638 5038
3468 2286
8707 1532
4840 3742
2203 5637
7576 6930
94 4141
2698 7660
3863 7925
2026 2573
94 1997
3879 5831
3640 6009
5819 5482
7666 2138
8167 189
3360 1205
2959 9564
4536 9148
5474 1491
1893 1882
5696 8412
103 5362
7618 2084
8379 8959
9709 1861
764 5224
119 714
1152 521
4287 1084
273 699
8423 7536
7586 4464
4691 5693
6728 5528
6079 5886
9522 7250
5611 8031
3376 8394
6014 5887
4913 5014
6776 6912
2062 206
2122 241
6340 7993
3439 2219
9926 812
2039 6145
5269 9731
1330 1121
7864 9452
5575 5176
2908 5131
3587 1944
5247 5806
5979 1578
640 1966
4715 6910
3101 8636
9266 7932
757 7052
1857 7716
5559 7228
7491 4143
1162 9166
8972 7060
4683 371
3150 5086
2125 163
8460 2643
2247 8952
6752 6829
4512 9961
2044 6858
6286 4748
4127 9676
2524 343
6270 6237
5157 4625
5806 2151
2425 6413
626 2055
6552 6946
772 6118
3806 5194
5588 5932
4669 6663
9403 7658
1228 3274
8042 7832
297 1772
8466 785
7794 7636
9956 4035
7548 3757
3144 8508
9868 1959
6530 5445
4218 3760
482 8158
9498 4069
3161 3308
6524 1984
7366 6462
3032 7708
1123 6975
5819 4424
7146 8282
2786 8421
4216 6104
5139 6821
2649 471
1664 9902
2188 4025
867 9312
8481 1799
4288 2221
5241 4338
4722 8393
1347 5154
7262 7187
8201 2668
2916 5686
7812 8398
6083 2041
5618 8039
5875 6392
3594 8342
9080 1487
2955 1421
3707 8750
5506 8789
8746 9563
373 4044
1322 8661
1392 3064
6366 6855
723 3912
444 6364
4483 1881
4327 3952
9274 235
7556 3433
2863 2322
9817 4620
2168 682
8318 2913
6928 8402
399 1296
6472 773
7929 3790
5152 7483
609 9239
4911 5216
5991 9184
2450 896
1893 3976
361 5438
5456 8630
2979 8058
3736 5087
58 3548
4490 1149
6596 5328
2544 6247
3917 5587
5263 7268
6617 2079
4929 3970
7537 3475
8810 9746
9798 8948
6297 1187
3959 3305
4245 2751
9853 2459
5413 8293
8878 4349
7132 5045
8030 7519
9379 7681
9560 4619
3442 8693
2430 4081
5155 852
6561 7904
9873 249
650 2501
5960 8644
4871 1888
4051 3699
7638 3384
1691 3494
8766 2912
9135 1468
2613 9246
7129 727
3224 8317
1701 7323
1910 644
4404 8152
1391 1626
1798 7553
9913 6692
361 1611
9310 4165
564 6281
6419 5454
5294 3201
2236 4149
4791 2539
6799 2733
1318 5116
5743 9630
1908 6476
8690 7903
9028 4632
3093 211
6024 6962
2052 3544
6623 4350
6078 2235
3395 9738
6257 1449
4393 7980
1371 5617
9515 5311
9187 8638
8403 6592
330 9652
6104 804
8858 4309
6636 2119
4229 106
3111 3370
3720 4772
4812 2747
3650 911
3747 8641
3592 7514
573 9536
7026 6481
3465 2669
1782 7140
1048 7255
8376 1053
8732 2004
3256 1181
4532 1978
2040 696
9268 6173
4682 3227
2885 7017
5755 7928
5673 6793
2974 8740
8669 5326
5933 354
6207 1507
5916 1386
476 7738
9917 8469
5175 2061
679 6726
4081 1879
7758 5395
8837 3412
331 8490
8644 8245
1113 8968
9714 300
4852 8307
2478 6487
4105 3106
9707 8988
3712 2826
6033 6731
4863 1673
6781 3341
8967 7504
6491 1101
7283 2877
5195 603
5193 3805
6185 2083
2624 598
3377 8220
3058 9168
285 178
3364 1321
9269 5254
9418 4431
590 5909
4683 378
7996 2411
8736 7092
4194 4955
8045 704
3029 9487
9113 654
3410 4470
4647 7313
1514 571
1055 2809
2025 8647
9242 8739
9259 8306
1995 74
214 145
3898 1523
2158 897
4958 8875
8423 7471
7216 3182
6928 9958
6806 3709
4105 7025
6589 8917
692 1211
1972 7865
5880 5947
5410 6869
8130 9651
6781 4850
6772 707
4735 7882
8838 5366
8841 5873
4698 8542
2267 9567
2683 5226
450 6432
7916 1777
4617 1548
4644 2645
8085 6486
4353 1679
427 9918
1631 367
2360 4561
2028 8999
9411 4412
9894 4220
3790 2359
5911 7881
4635 6311
2952 9205
1466 6595
39 7133
1903 5941
4797 8733
3731 9470
8361 2361
635 3534
8923 5135
8378 989
6489 4314
6722 4246
8329 8700
7206 6643
9150 6575
48 7700
4569 7809
7108 4982
1885 660
906 8384
5233 247
8375 2018
1181 9464
2839 1678
9870 4945
6403 63
5808 9634
6750 4718
8586 6853
5740 5729
6090 6155
2630 1946
3820 3829
3030 8482
5981 3279
3325 1420
1908 8828
12 6007
9945 6139
8333 9698
7460 7413
3442 985
8329 839
588 939
5359 1414
8862 4717
8362 8166
1039 4908
920 6620
8003 6778
2345 2220
3749 8243
4457 7287
4978 7065
6214 3236
4667 589
7900 2503
5977 4
5310 377
1808 5484
3996 6051
6897 425
7135 4595
2212 7523
8567 1698
5372 9929
9124 5258
4365 3204
6339 7826
1853 2057
3029 3303
8691 6763
9502 5881
6466 6537
1674 2825
5820 7763
7930 1346
1197 60
7337 2571
3381 229
4988 9805
6258 5469
8929 9915
7683 2056
7984 9494
9445 9062
2970 7355
3871 9399
8918 9541
6466 6796
815 4466
2437 7824
218 9141
7826 3189
8698 4053
8008 4255
5721 429
8511 4603
4934 4747
4419 6922
1548 362
9332 3114
8956 6653
3103 4012
683 1286
1553 2300
8442 7296
1194 3334
987 6687
9585 2799
8769 9970
2832 5183
7406 4763
1157 8577
602 2328
8981 156
9949 134
6338 8427
7217 615
1796 144
173 9005
3092 9067
8260 6471
8335 6197
4987 7690
2951 882
1408 4766
780 9553
8022 782
4704 2077
362 4472
384 9492
4775 7670
312 3860
6201 5900
5344 4110
8872 3624
9304 7419
494 7272
6981 3776
9636 6172
6149 8328
8502 8973
1497 2427
6612 2995
5044 9641
9191 3028
4758 1771
1972 2564
8826 8625
3171 1734
7726 329
8277 2892
3547 3469
554 9650
4502 9359
584 912
6601 466
603 8761
3809 2045
2635 2675
6198 4865
4870 5566
8113 64
1166 2228
6208 4728
439 5903
7185 2295
1842 9852
2639 6521
5095 3934
8487 1805
8090 6791
7618 3458
2992 8124
2861 828
6747 4453
1342 7237
3557 59
3031 1221
7471 7969
9385 7142
6009 4154
7638 375
7002 672
2245 5262
2948 9976
4691 5461
498 6976
8929 4922
7768 2325
5934 7619
3884 4806
2489 5234
430 8571
7868 9404
7333 355
1660 398
7093 6504
7316 754
5047 1193
4221 6820
2160 9597
9475 9378
2638 9160
3131 2297
9641 8660
5619 1080
177 4476
2233 3122
9305 9784
6618 3166
4923 5399
1869 3271
1670 4885
7732 6724
8867 9747
9733 1754
304 7384
6588 6727
28 6065
6970 2577
6703 4040
6911 9546
1858 499
4838 4706
5087 7362
1629 8749
4474 6382
5241 5207
7536 8018
870 7125
199 3038
9254 7441
7750 3276
7871 9967
8050 9065
427 927
9598 2201
5951 1646
7133 7532
8968 7420
8273 7388
4031 8290
4694 5198
5703 4377
254 2198
936 2121
5516 4679
3376 5942
5711 9447
3264 2213
1892 7897
6954 4313
7193 2273
4305 4015
1320 4584
2293 8786
4757 6786
7949 1314
4545 4939
947 3601
1119 6028
8735 1871
9536 7051
1899 3667
1441 9048
7590 1590
7171 608
5158 9138
7962 2860
7480 4952
1363 6414
2952 8804
9014 8284
1624 7112
5403 3866
4344 3939
4050 8252
2690 5239
6637 3474
3425 225
5326 3362
8113 4651
5302 2167
2114 6337
6142 9323
9038 7353
9720 2294
9569 6656
4034 8000
5056 7599
4061 827
4300 5240
9470 518
122 4070
2448 6086
1687 4326
8439 9421
7864 3375
3330 3855
8107 2646
5854 6847
6810 3437
2475 7842
9563 7425
9112 3868
414 7677
3223 8185
291 7892
8859 57
9466 9890
9905 6385
5633 9211
1071 5776
2467 2370
9990 3126
5549 9730
1713 5008
2016 4884
6240 2153
4429 6543
7587 5994
4361 890
6948 4156
5079 4983
5700 7744
2363 4781
165 5308
6758 934
456 9012
8864 3391
2484 3520
6263 198
2417 841
2389 4627
4849 1615
7095 3824
9197 4713
4805 2611
1112 5400
120 7813
8736 3764
1876 7089
707 1030
3849 7938
6936 1404
7264 1990
2688 9726
3599 6067
7524 383
5211 6593
6137 346
3301 3553
8142 4938
8192 7446
9506 4976
2494 7889
2413 6410
9391 1328
138 1008
8770 5251
9706 6162
9112 4813
391 1029
9411 4059
8585 6314
3159 844
7936 4574
6131 268
2823 7612
1561 527
2350 3597
4600 8676
8123 2144
2586 3021
2760 6768
4979 9136
6530 4357
2561 1360
6487 3801
6566 3529
1761 5417
3224 6031
4526 2901
6348 7389
8583 7197
3534 5441
3013 753
9772 5728
8464 4881
8162 4592
4501 408
4436 328
9930 5340
9229 8731
1249 2939
9364 7032
6961 1156
2020 5473
563 1525
6228 5791
1748 2956
8399 7434
6049 1814
8522 3505
8489 4580
9042 7029
83 3607
1074 1563
5168 2298
7868 8905
7556 8263
7406 7721
9120 3949
7356 8677
6188 1639
5833 6533
6564 8426
4866 8991
7069 7841
4837 3533
6181 2248
1475 3407
6511 6712
1281 8695
6427 8119
7199 2105
9621 5551
2812 4461
1324 7053
9134 6234
9507 3471
3077 5670
7799 9973
4434 2654
3528 7113
868 6055
6370 9271
4812 4276
6128 9692
9340 442
4123 8060
6081 3283
7107 9538
1919 5663
5106 7554
2221 9016
4604 390
1676 4161
644 1749
3962 3943
9385 1741
9998 2917
3957 7981
2955 6160
7905 8118
1825 1502
360 9638
8480 3558
9075 4100
1397 1252
9614 1521
1280 9088
8082 6670
6631 6972
8367 6978
4688 2218
164 5060
2357 8555
6852 1293
5450 9753
2879 248
9052 2191
4064 8217
9870 8943
7514 8737
